120.73	22.95	0
120.725367566	22.9485778285	0.5
120.720735229	22.9471555226	1
120.716102989	22.9457330822	1.5
120.711470847	22.9443105074	2
120.706838803	22.9428877981	2.5
120.702206855	22.9414649544	3
120.697575005	22.9400419763	3.5
120.692943253	22.9386188638	4
120.688311598	22.9371956169	4.5
120.68368004	22.9357722356	5
120.679048579	22.93434872	5.5
120.674417216	22.93292507	6
120.66978595	22.9315012856	6.5
120.665154782	22.930077367	7
120.660523711	22.928653314	7.5
120.655892738	22.9272291267	8
120.651261862	22.9258048052	8.5
120.646631083	22.9243803493	9
120.642000401	22.9229557592	9.5
120.637369817	22.9215310348	10
120.632739331	22.9201061762	10.5
120.628108941	22.9186811833	11
120.62347865	22.9172560563	11.5
120.618848455	22.915830795	12
120.614218358	22.9144053995	12.5
120.609588358	22.9129798699	13
120.604958456	22.911554206	13.5
120.600328651	22.9101284081	14
120.595698943	22.9087024759	14.5
120.591069333	22.9072764097	15
120.586439821	22.9058502093	15.5
120.581810405	22.9044238748	16
120.577181087	22.9029974062	16.5
120.572551867	22.9015708035	17
120.567922743	22.9001440668	17.5
120.563293717	22.898717196	18
120.558664789	22.8972901911	18.5
120.554035958	22.8958630522	19
120.549407224	22.8944357793	19.5
120.544778588	22.8930083724	20
120.540150049	22.8915808314	20.5
120.535521608	22.8901531565	21
120.530893264	22.8887253476	21.5
120.526265017	22.8872974048	22
120.521636868	22.8858693279	22.5
120.517008816	22.8844411172	23
120.512380861	22.8830127725	23.5
120.507753004	22.8815842939	24
120.503125244	22.8801556814	24.5
120.498497582	22.878726935	25
120.493870017	22.8772980547	25.5
120.489242549	22.8758690406	26
120.484615179	22.8744398926	26.5
120.479987906	22.8730106108	27
120.475360731	22.8715811951	27.5
120.470733653	22.8701516456	28
120.466106672	22.8687219623	28.5
120.461479789	22.8672921453	29
120.456853003	22.8658621944	29.5
120.452226315	22.8644321098	30
120.447599724	22.8630018914	30.5
120.44297323	22.8615715392	31
120.438346834	22.8601410534	31.5
120.433720535	22.8587104338	32
120.429094334	22.8572796805	32.5
120.42446823	22.8558487935	33
120.419842223	22.8544177728	33.5
120.415216314	22.8529866184	34
120.410590502	22.8515553304	34.5
120.405964788	22.8501239087	35
120.401339171	22.8486923534	35.5
120.396713651	22.8472606645	36
120.392088229	22.845828842	36.5
120.387462904	22.8443968858	37
120.382837677	22.8429647961	37.5
120.378212547	22.8415325728	38
120.373587514	22.8401002159	38.5
120.368962579	22.8386677255	39
120.364337741	22.8372351016	39.5
120.359713	22.8358023441	40
120.355088357	22.8343694531	40.5
120.350463812	22.8329364286	41
120.345839364	22.8315032706	41.5
120.341215013	22.8300699791	42
120.336590759	22.8286365542	42.5
120.331966603	22.8272029958	43
120.327342545	22.825769304	43.5
120.322718584	22.8243354787	44
120.31809472	22.82290152	44.5
120.313470953	22.8214674279	45
120.308847284	22.8200332025	45.5
120.304223713	22.8185988436	46
120.299600239	22.8171643514	46.5
120.294976862	22.8157297258	47
120.290353582	22.8142949669	47.5
120.2857304	22.8128600746	48
120.281107316	22.811425049	48.5
120.276484329	22.8099898901	49
120.271861439	22.808554598	49.5
120.267238646	22.8071191725	50
120.262615952	22.8056836137	50.5
120.257993354	22.8042479217	51
120.253370854	22.8028120965	51.5
120.248748451	22.801376138	52
120.244126146	22.7999400463	52.5
120.239503938	22.7985038214	53
120.234881827	22.7970674633	53.5
120.230259814	22.795630972	54
120.225637898	22.7941943475	54.5
120.22101608	22.7927575898	55
120.216394359	22.791320699	55.5
120.211772736	22.7898836751	56
120.20715121	22.7884465181	56.5
120.202529781	22.7870092279	57
120.19790845	22.7855718046	57.5
120.193287216	22.7841342483	58
120.188666079	22.7826965588	58.5
120.18404504	22.7812587363	59
120.18	22.78	59.4376851477
