121.74 24.21 10.00 287 21 170 4.64 121.75 25.5 20240403155512
121.72 24.23 14.6 336 45 -137 5.74 121.6 25.8 20240403003537
121.70 24.23 11.30 317 30 -148 4.15 121.45 25.6 20240403070519
121.69 24.24 22.90 234 28 131 4.04 121.28 25.8 20240403150141
121.69 24.19 3.1 292 44 163 5.44 121.2 25.4 20240403004644
121.69 24.16 17.20 202 19 72 4.50 121.1 25.1 20240403153910
121.69 24.18 13.50 272 38 130 3.77 120.78 25.2 20240403142909
121.64 24.20 29.90 85 23 -28 4.15 120.8 24.9 20240403103855
121.64 24.18 4.14 216 18 92 4.14 120.6 24.7 20240403143835
121.68 24.17 17.10 200 16 62 4.47 120.3 24.6 20240403154236
121.67 24.15 16.50 218 23 87 4.22 120.6 24.36 20240403061009
121.66 24.10 5.50 269 6 148 6.63 119.6 24.45 20240403001126
121.63 24.09 12.70 296 16 -171 3.82 120.1 24.22 20240403094038
121.63 24.07 13.10 249 43 128 4.28 119.85 24.1 20240403085629
121.63 24.04 15.90 243 18 124 3.87 119.5 24 20240403120207
121.63 24.03 22.00 278 24 166 4.40 119.8 23.83 20240403081712
121.68 24.03 42.60 210 20 109 4.07 120.3 23.75 20240403105638
121.64 24.03 22.10 262 25 148 3.93 119.95 23.5 20240403115136
121.59 23.99 11.80 134 55 25 3.90 120 23.23 20240403072447
121.53 23.91 10.50 205 42 64 4.37 120.3 23.1 20240403063134
121.62 23.96 25.30 234 32 117 3.95 120.97 23.3 20240403091502
121.63 23.93 17.60 29 44 53 4.28 121.3 23.3 20240403173912
121.57 23.74 15.30 250 35 131 4.41 121.5 22.5 20240403083801
121.75 24.27 14.5 232 14 111 4.05 121.9 25.7 20240403045646
121.77 24.30 14.70 44 11 -95 3.74 122.1 25.5 20240403141703
121.75 24.20 8.60 247 21 110 3.91 122.15 25.3 20240403053321
121.75 24.21 13.00 222 14 108 3.88 122.43 25.5 20240403092851
121.69 24.17 8.4 318 20 -159 4.49 122.6 25.3 20240403052804
121.82 24.26 9.00 332 4 178 4.07 122.65 25.1 20240403202919
121.73 24.16 9.20 214 14 85 3.84 122.7 24.8 20240403152004
121.68 24.12 6.7 161 31 -27 3.93 122.84 24.67 20240403042116
121.88 24.21 5.00 189 13 175 4.98 122.8 24.5 20240403063357
121.83 24.16 21.00 116 35 -9 3.64 122.8 24.3 20240403135204
121.81 24.15 11.60 57 14 -83 4.32 122.6 24.1 20240403144916
121.67 24.17 17.10 227 14 109 3.74 122.8 23.97 20240403185558
121.77 24.08 12.80 271 49 150 4.02 122.8 23.8 20240403171859
121.69 24.1 41.00 322 64 -159 4.23 122.5 23.73 20240403052352
121.67 24.04 24.80 232 39 113 3.93 122.6 23.55 20240403095310
121.74 23.91 26.90 327 20 40 3.92 122.8 23.3 20240403190725
121.77 23.82 6.00 234 37 112 4.45 122.8 23.1 20240403194652
121.79 23.80 5.80 227 41 109 4.85 122.6 23 20240403182947