0 NaN
1 NaN
2 NaN
3 NaN
4 NaN
5 0
6 0
7 0.96001988155
8 9.03407599334
9 10.0092004855
10 7.95961566604
11 7.45585948953
12 4.85919383604
13 3.80858928188
14 6.50876561637
15 10.8048010186
16 22.4045466237
17 34.716603518
18 85.3787346764
19 52.091017278
20 49.4090036692
21 66.492313641
22 55.9289614571
23 41.8215370149
24 67.2210460272
25 63.0913066943
26 87.2790413988
27 134.116517278
28 214.780905098
29 88.6193638359
30 56.209936806
31 71.5462300963
32 46.7845778943
33 40.8482673921
34 42.0695391864
35 38.2655946907
36 39.9262548859
37 43.3073768014
38 46.4559165748
39 46.187838996
40 45.7750571738
41 51.0831239913
42 106.322978246
43 71.9510181725
44 164.568979275
45 382.497151808
46 249.210689905
47 235.551176605
48 187.919200413
49 334.746886452
50 176.854162162
51 173.576153998
52 592.267888564
53 1070.10922986
54 753.932554055
55 858.6698115
56 892.885071487
57 623.639409539
58 549.233125727
59 506.192852416
59.4376851477 686.37060157
