120.1	23.6	0
120.104617186	23.5984775917	0.5
120.109234264	23.5969550469	1
120.113851235	23.5954323656	1.5
120.118468099	23.5939095479	2
120.123084856	23.5923865937	2.5
120.127701506	23.5908635031	3
120.132318048	23.589340276	3.5
120.136934484	23.5878169125	4
120.141550812	23.5862934127	4.5
120.146167033	23.5847697764	5
120.150783146	23.5832460038	5.5
120.155399153	23.5817220948	6
120.160015052	23.5801980494	6.5
120.164630844	23.5786738678	7
120.169246529	23.5771495498	7.5
120.173862107	23.5756250954	8
120.178477578	23.5741005048	8.5
120.183092941	23.572575778	9
120.187708197	23.5710509148	9.5
120.192323346	23.5695259154	10
120.196938388	23.5680007797	10.5
120.201553323	23.5664755078	11
120.20616815	23.5649500997	11.5
120.210782871	23.5634245554	12
120.215397484	23.5618988749	12.5
120.22001199	23.5603730582	13
120.224626389	23.5588471054	13.5
120.22924068	23.5573210164	14
120.233854865	23.5557947912	14.5
120.238468942	23.55426843	15
120.243082912	23.5527419326	15.5
120.247696775	23.5512152991	16
120.252310531	23.5496885295	16.5
120.256924179	23.5481616239	17
120.261537721	23.5466345822	17.5
120.266151155	23.5451074045	18
120.270764482	23.5435800907	18.5
120.275377702	23.5420526409	19
120.279990815	23.5405250551	19.5
120.28460382	23.5389973332	20
120.289216719	23.5374694755	20.5
120.29382951	23.5359414817	21
120.298442194	23.534413352	21.5
120.303054771	23.5328850863	22
120.307667241	23.5313566847	22.5
120.312279603	23.5298281472	23
120.316891859	23.5282994738	23.5
120.321504007	23.5267706645	24
120.326116048	23.5252417193	24.5
120.330727982	23.5237126383	25
120.335339809	23.5221834214	25.5
120.339951528	23.5206540686	26
120.344563141	23.5191245801	26.5
120.349174646	23.5175949557	27
120.353786044	23.5160651955	27.5
120.358397335	23.5145352995	28
120.363008519	23.5130052678	28.5
120.367619596	23.5114751003	29
120.372230565	23.5099447971	29.5
120.376841428	23.5084143581	30
120.381452183	23.5068837834	30.5
120.386062831	23.505353073	31
120.390673372	23.5038222269	31.5
120.395283806	23.5022912451	32
120.399894132	23.5007601276	32.5
120.404504352	23.4992288745	33
120.409114464	23.4976974858	33.5
120.413724469	23.4961659614	34
120.418334367	23.4946343014	34.5
120.422944158	23.4931025058	35
120.427553842	23.4915705746	35.5
120.432163419	23.4900385078	36
120.436772888	23.4885063055	36.5
120.441382251	23.4869739676	37
120.445991506	23.4854414942	37.5
120.450600654	23.4839088852	38
120.455209695	23.4823761408	38.5
120.459818629	23.4808432608	39
120.464427455	23.4793102453	39.5
120.469036175	23.4777770944	40
120.473644787	23.476243808	40.5
120.478253292	23.4747103862	41
120.48286169	23.4731768289	41.5
120.487469981	23.4716431363	42
120.492078165	23.4701093082	42.5
120.496686242	23.4685753447	43
120.501294212	23.4670412458	43.5
120.505902074	23.4655070116	44
120.510509829	23.463972642	44.5
120.515117478	23.4624381371	45
120.519725019	23.4609034968	45.5
120.524332453	23.4593687212	46
120.52893978	23.4578338103	46.5
120.533546999	23.4562987642	47
120.538154112	23.4547635827	47.5
120.542761117	23.453228266	48
120.547368016	23.451692814	48.5
120.551974807	23.4501572268	49
120.556581491	23.4486215044	49.5
120.561188068	23.4470856468	50
120.565794538	23.4455496539	50.5
120.570400901	23.4440135259	51
120.575007156	23.4424772627	51.5
120.579613305	23.4409408644	52
120.584219346	23.4394043309	52.5
120.588825281	23.4378676622	53
120.593431108	23.4363308585	53.5
120.598036828	23.4347939196	54
120.602642441	23.4332568457	54.5
120.607247947	23.4317196366	55
120.611853346	23.4301822925	55.5
120.616458637	23.4286448134	56
120.621063822	23.4271071992	56.5
120.625668899	23.4255694499	57
120.63027387	23.4240315657	57.5
120.634878733	23.4224935465	58
120.639483489	23.4209553922	58.5
120.644088138	23.419417103	59
120.64869268	23.4178786788	59.5
120.653297115	23.4163401197	60
120.657901443	23.4148014256	60.5
120.662505663	23.4132625967	61
120.667109777	23.4117236328	61.5
120.671713784	23.410184534	62
120.676317683	23.4086453003	62.5
120.680921475	23.4071059317	63
120.68552516	23.4055664283	63.5
120.690128739	23.4040267901	64
120.69473221	23.402487017	64.5
120.699335574	23.4009471091	65
120.70393883	23.3994070664	65.5
120.70854198	23.3978668889	66
120.713145023	23.3963265766	66.5
120.717747958	23.3947861295	67
120.722350787	23.3932455477	67.5
120.726953508	23.3917048312	68
120.731556123	23.3901639799	68.5
120.73615863	23.3886229939	69
120.74076103	23.3870818732	69.5
120.745363323	23.3855406178	70
120.749965509	23.3839992278	70.5
120.754567588	23.382457703	71
120.75916956	23.3809160437	71.5
120.763771425	23.3793742497	72
120.768373183	23.377832321	72.5
120.772974833	23.3762902578	73
120.777576377	23.37474806	73.5
120.782177814	23.3732057276	74
120.786779143	23.3716632606	74.5
120.791380365	23.370120659	75
120.795981481	23.3685779229	75.5
120.800582489	23.3670350523	76
120.80518339	23.3654920472	76.5
120.809784184	23.3639489075	77
120.814384871	23.3624056334	77.5
120.818985451	23.3608622247	78
120.823585924	23.3593186817	78.5
120.82818629	23.3577750041	79
120.832786549	23.3562311921	79.5
120.837386701	23.3546872457	80
120.841986746	23.3531431649	80.5
120.846586683	23.3515989497	81
120.851186514	23.3500546001	81.5
120.855786237	23.3485101161	82
120.860385854	23.3469654977	82.5
120.864985363	23.3454207451	83
120.869584766	23.343875858	83.5
120.874184061	23.3423308367	84
120.87878325	23.340785681	84.5
120.883382331	23.339240391	85
120.887981305	23.3376949668	85.5
120.892580172	23.3361494083	86
120.897178932	23.3346037155	86.5
120.901777585	23.3330578885	87
120.906376132	23.3315119273	87.5
120.910974571	23.3299658318	88
120.915572903	23.3284196021	88.5
120.920171128	23.3268732383	89
120.924769245	23.3253267403	89.5
120.929367256	23.3237801081	90
120.93396516	23.3222333417	90.5
120.938562957	23.3206864412	91
120.943160647	23.3191394066	91.5
120.94775823	23.3175922379	92
120.952355705	23.316044935	92.5
120.956953074	23.3144974981	93
120.961550336	23.3129499271	93.5
120.96614749	23.3114022221	94
120.970744538	23.309854383	94.5
120.975341479	23.3083064098	95
120.979938312	23.3067583027	95.5
120.984535039	23.3052100615	96
120.989131658	23.3036616864	96.5
120.993728171	23.3021131772	97
120.998324576	23.3005645341	97.5
121	23.3	97.6822565769
