# Lon lat Mw str1 dip1 rake1 str2 dip2 rake2 mantissa exponent lonp latp
121.60 22.01 28.9 224 36 123 5 61 69 8.64 26 121.60 22.01 072378A
122.63 23.19 20.7 239 53 158 343 72 39 3.56 26 122.63 23.19 122378B
122.50 23.74 37.6 295 24 115 88 68 79 9.43 25 122.50 23.74 062483B
121.85 23.97 33.2 210 33 87 33 57 92 1.3 27 121.85 23.97 111486D
122.43 23.94 15.0 343 24 -172 245 87 -66 6.6 25 122.43 23.94 052494D
122.79 24.00 16.0 329 47 -135 204 59 -53 2.08 26 122.79 24.00 121801C
121.43 22.94 25.0 221 44 113 10 51 69 2 26 121.43 22.94 121003B
123.57 23.29 24.3 134 76 8 43 82 166 1.2 26 123.57 23.29 200908170005A
123.73 22.23 24.2 328 85 4 238 86 175 6.87 25 123.73 22.23 201004260259
