120.01 20.78 10 -3.01 -0.04 3.05 1.19 -2.13 -0.02 24 119.25 21.3 010777B
121.33 21.03 132 9.72 -6.20 -3.52 1.44 -0.34 -0.14 23 123.6 22.5 062881A
121.24 20.17 57 -0.30 2.44 -2.14 0.08 -0.53 -0.89 24 120.7 20.1 102782A
122.05 20.50 166 -2.09 0.14 1.95 -0.52 1.94 -0.17 25 123.6 21.3 080283A
120.59 21.05 20 4.52 -1.60 -2.92 6.12 1.37 1.62 23 119.6 21 011184B
121.98 20.24 121 -2.30 3.83 -1.53 6.07 3.77 -4.23 23 122.8 20.3 113084B
122.36 20.25 150 -4.69 4.04 0.65 -0.15 9.07 -3.48 23 122.8 20.6 121684A
121.82 20.72 10 -0.29 1.00 -0.72 0.10 1.39 -1.74 24 123.2 21.7 062985A
121.69 20.40 145 -2.46 4.51 -2.05 8.23 4.26 -2.46 23 122.8 21.0 101086C
120.95 20.38 37 2.07 0.24 -2.32 -1.05 -0.90 -0.71 25 119.6 20.13 060787A
121.75 21.09 107 2.69 -0.96 -1.73 8.47 0.30 -2.78 23 123.6 22.8 101487B
121.91 20.06 15 1.87 3.76 -5.64 0.90 0.64 -5.17 24 123.6 19.7 071788A
121.15 21.85 53 0.60 -1.46 0.86 0.39 -0.69 0.12 24 121.5 22.8 081188B
121.52 21.65 15 -1.40 8.83 -7.43 6.23 1.23 -8.49 24 122.1 22.5 101688C
121.64 20.10 71 1.10 0.05 -1.15 0.32 -2.05 1.11 24 122.8 20.0 033090A
120.42 20.40 28 -3.73 -1.00 4.73 2.32 -2.83 5.01 23 119.25 20.7 052390B
122.36 21.68 38 0.50 0.64 -1.14 0.00 0.00 -1.80 24 122.35 22.5 032691B
121.97 21.30 29 2.06 3.26 -5.32 1.93 0.41 -9.15 23 123.2 22.8 021092C
120.32 20.31 15 -5.19 0.52 4.67 -2.22 -3.32 -1.24 23 119.25 21 090193C
121.32 20.24 30 1.79 0.02 -1.80 -1.48 -1.61 -0.74 24 121.4 20.1 091193G
120.96 21.63 17 3.64 0.85 -4.49 7.72 -2.30 -9.69 23 119.6 22.5 120693F
121.14 21.01 24 9.78 -0.50 -9.28 -2.83 -8.35 -0.88 24 122.8 22.5 121093D
120.24 21.10 15 -1.68 0.07 1.61 0.74 -0.59 0.12 24 119.25 21.6 051094B
121.23 21.05 15 7.31 0.74 -8.05 -6.02 -9.86 -0.57 23 123.2 22.5 060294A
121.64 21.05 42 -0.63 -0.31 0.94 1.11 -0.21 -0.20 24 123.2 22.1 030995B
120.86 21.63 18 4.51 0.81 -5.32 3.40 -4.04 -3.54 23 119.6 22.25 040995B
121.55 20.44 50 0.88 -3.26 2.38 2.38 7.65 -5.14 23 123.2 21.3 051296A
121.45 21.78 31 1.74 -0.10 -1.64 -0.18 0.47 -0.75 26 121.8 22.5 090596L
121.38 21.75 15 1.22 -0.07 -1.15 0.60 -0.32 0.22 24 121.5 22.5 090696I
121.64 21.83 46 3.55 2.69 -6.24 -4.31 0.76 -3.09 23 122.4 22.8 062297B
120.59 21.22 39 -0.30 0.07 0.23 1.11 0.94 -0.27 24 119.25  21.9 082497B
120.76 21.75 32 -5.76 -1.42 7.17 5.01 -6.41 -0.58 23 119.25 22.2 082497D
122.06 20.70 159 -2.61 -1.08 3.69 -1.99 2.56 0.69 24 123.6 21.7 030898A
120.63 20.75 15 5.04 -0.19 -4.85 1.62 2.98 0.50 23 119.6 20.7 050998C
121.25 20.15 31 7.63 -5.58 -2.05 -5.82 -5.30 -4.49 23 121 20.1 070798E
121.79 21.43 24 -0.29 1.16 -0.87 0.24 0.30 -1.34 25 122.8 22.8 072498C
120.54 20.41 15 1.09 -0.49 -0.59 0.85 -0.66 -0.39 24 119.6 20.4 120498B
121.84 20.81 38 -0.17 2.31 -2.14 -0.08 0.40 -1.06 24 123.6 22.1 070400E
121.91 20.35 22 -0.60 4.26 -3.66 -0.10 1.47 -1.03 25 123.6 21.0 071600A
122.15 20.34 37 0.10 1.83 -1.93 -0.57 0.01 0.14 24 123.2 20.6 021701E
121.77 20.20 28 0.47 -0.95 0.47 0.41 -0.61 -2.76 24 122.8 19.7 031002A
121.36 21.95 32 1.85 -0.09 -1.76 -1.24 0.47 -1.24 24 121.8 22.8 082802B
121.32 20.28 38 2.34 0.10 -2.44 -0.89 -1.90 -0.92 24 121.4 20.3 010603C
121.50 20.72 49 0.78 2.83 -3.61 1.14 1.31 -4.74 23 122.8 21.7 020803A
121.84 20.57 17 1.50 -1.36 -0.14 -0.74 0.38 -1.73 24 122.8 21.3 070703C
121.77 20.30 73 -0.13 -0.65 0.78 0.58 1.30 -1.08 24 123.2 21.0 081703A
122.30 20.15 31 2.02 0.79 -2.81 -0.49 0.28 -0.26 24 123.2 20.3 010704E
121.48 21.93 12 -2.31 2.42 -0.12 0.38 0.26 -0.67 24 122.1 22.8 050804B
122.28 20.33 21 -0.52 1.84 -1.32 -0.80 -0.61 1.17 23 123.6  20.6 072904H
122.34 20.22 26 -0.48 6.03 -5.55 0.39 -0.16 2.77 23 123.6 20.1 073104D