120.01 20.78 -10 194 29 -62   5.7  010777B 
121.33 21.03 -132 266 40 87   5.2  062881A 
121.24 20.17 -57 56 78 -173   5.5  102782A 
122.05 20.50 -166 0 23 -79    6.2  080283A 
120.59 21.05 -20 324 22 138   5.2  011184B 
121.98 20.24 -121 153 38 -16  5.2  113084B 
122.36 20.25 -150 280 27 -152 5.3  121684A 
121.82 20.72 -10 261 56 -170  5.5  062985A 
121.69 20.40 -145 143 24 -17  5.3  101086C 
120.95 20.38 -37 355 35 57    6.2  060787A 
121.75 21.09 -107 194 19 23   5.2  101487B 
121.91 20.06 -15 159 81 2     5.8  071788A 
121.15 21.85 -53 235 52 23    5.4  081188B 
121.52 21.65 -15 159 62 -1    6.0  101688C 
121.64 20.10 -71 299 24 41    5.5  033090A 
120.42 20.40 -28 246 55 -30   5.2  052390B 
122.36 21.68 -38 257 90 -180  5.5  032691B 
121.97 21.30 -29 168 78 3     5.3  021092C 
120.32 20.31 -15 147 34 -126  5.1  090193C 
121.32 20.24 -30 1 24 56      5.6  091193G 
120.96 21.63 -17 179 55 20    5.4  120693F 
121.14 21.01 -24 358 24 75    6.0  121093D 
120.24 21.10 -15 202 39 -59   5.5  051094B 
121.23 21.05 -15 344 21 50    5.4  060294A 
121.64 21.05 -42 197 39 -27   5.4  030995B 
120.86 21.63 -18 55 45 146    5.2  040995B 
121.55 20.44 -50 283 36 175   5.3  051296A 
121.45 21.78 -31 214 41 108   6.8  090596L 
121.38 21.75 -15 5 38 120     5.4  090696I 
121.64 21.83 -46 342 57 33    5.2  062297B 
120.59 21.22 -39 5 2 -134     5.4  082497B 
120.76 21.75 -32 201 26 -43   5.3  082497D 
122.06 20.70 -159 37 35 -36   5.7  030898A 
120.63 20.75 -15 160 32 63    5.1  050998C 
121.25 20.15 -31 63 23 103    5.3  070798E 
121.79 21.43 -24 160 77 -10   6.1  072498C 
120.54 20.41 -15 201 47 48    5.4  120498B 
121.84 20.81 -38 238 81 -176  5.5  070400E 
121.91 20.35 -22 234 73 -167  6.4  071600A 
122.15 20.34 -37 222 77 169   5.5  021701E 
121.77 20.20 -28 96 77 168    5.6  031002A 
121.36 21.95 -32 0 51 47      5.5  082802B 
121.32 20.28 -38 12 26 80     5.6  010603C 
121.50 20.72 -49 162 77 -6    5.1  020803A 
121.84 20.57 -17 23 51 40     5.5  070703C 
121.77 20.30 -73 290 43 -175  5.5  081703A 
122.30 20.15 -31 203 46 118   5.5  010704E 
121.48 21.93 -12 113 42 -76   5.5  050804B 
122.28 20.33 -21 298 65 0     4.8  072904H 
122.34 20.22 -26 32 86 180    5.1  073104D 
