121.37 21.93 24 46 47.91 154.2 5.15 0 0 199609060204F
121.32 21.69 24 132.98 19.07 31.44 5.19 0 0 199609061134F
121.36 21.7 27 318.16 32.04 169.95 3.98 0 0 199609061437F
121.38 21.56 24 276.26 27.39 28.83 4.15 0 0 199701160945F
122.04 21.21 180 231.11 42.74 -31.37 4.54 0 0 199705231041F
121.58 21.84 36 108.92 27.3 143.98 4.55 0 0 199706271553F
121.62 21.79 15 196.48 7.85 -103.46 4.81 0 0 199707100819F
120.2 21.64 54 246.94 44.88 103.71 5.15 0 0 199708241217F
121.4 21.75 69 242.08 21.78 118.53 4.86 0 0 199711120009F
121.1 21.72 24 24.66 50.81 129.61 4.6 0 0 199805020005F
121.84 21.63 12 220.1 44.59 157.02 5.94 0 0 199807241844F
122.11 21.09 36 86.75 18.85 26.91 4.73 0 0 199809280857F
121.5 21.86 24 260.85 42.88 -142.39 4.1 0 0 199810131654F
122.03 21.24 24 3.66 11.87 -65.14 4.7 0 0 199905061346F
119.89 21.5 48 241.33 43.8 124.94 4.62 0 0 199906250918F
120.22 21.19 27 53.74 49.02 -22.61 3.94 0 0 199907021610F
120.15 21.13 54 61.47 34.28 3.67 4.55 0 0 199909161344F
120.12 21.31 42 249.75 51.89 143.1 4.7 0 0 199909161612F
121.014 21.738 36 145.39 35.19 32.48 4.19 0 0 200107170244F
121.589 21.987 35 136.26 37.26 92.96 4.59 0 0 200201220647F
121.294 21.381 32 63.66 22.79 29.89 3.79 0 0 200203091635F
122.023 21.8837 26 332.43 29.66 79.23 4.07 0 0 200204241841F
120.631 21.8727 39 132.35 14.13 -166.96 4.41 0 0 200205131329F
120.082 21.9043 46 54.57 39.54 155.35 4.46 0 0 200207180452F
121.351 21.9845 19 149.31 45.45 72.33 4.43 0 0 200210312115F
121.93 21.4215 36 215.14 28.33 136.8 4.94 0 0 200212070345F
121.368 21.5343 21 20.08 66.64 -25.12 4.68 0 0 200212210609F
121.83 21.95 24 180.6 23.86 125.49 4.14 0 0 200303291227Q
120.55 21.91 41 135.64 40.52 -127.1 4.51 0 0 200309240108Q
121.49 21.96 24 178.38 28.16 99.5 5.52 0 0 200405080802Q