120.01 20.78 10  194 29 -62 343 65 -105 3.880 24 010777B
121.33 21.03 132 266 40 87 89 50 92 8.100 23 062881A
121.24 20.17 57  56 78 -173 325 83 -12 2.520 24 102782A
122.05 20.50 166 0 23 -79 168 67 -95 2.850 25 080283A
120.59 21.05 20  324 22 138 94 75 73 7.110 23 011184B
121.98 20.24 121 153 38 -16 256 80 -127 8.820 23 113084B
122.36 20.25 150 280 27 -152 164 78 -66 10.430 23 121684A
121.82 20.72 10  261 56 -170 165 81 -34 2.390 24 062985A
121.69 20.40 145 143 24 -17 248 83 -113 10.340 23 101086C
120.95 20.38 37  355 35 57 213 61 111 2.690 25 060787A
121.75 21.09 107 194 19 23 82 82 108 9.180 23 101487B
121.91 20.06 15  159 81 2 69 89 171 7.070 24 071788A
121.15 21.85 53  235 52 23 130 72 140 1.500 24 081188B
121.52 21.65 15  159 62 -1 249 89 -152 13.320 24 101688C
121.64 20.10 71  299 24 41 170 75 109 2.580 24 033090A
120.42 20.40 28  246 55 -30 354 66 -141 7.540 23 052390B
122.36 21.68 38  257 90 -180 347 90 0 2.010 24 032691B
121.97 21.30 29  168 78 3 77 87 168 10.320 23 021092C
120.32 20.31 15  147 34 -126 9 63 -68 6.390 23 090193C
121.32 20.24 30  1 24 56 217 70 104 2.920 24 091193G
120.96 21.63 17  179 55 20 77 74 143 13.200 23 120693F
121.14 21.01 24  358 24 75 194 66 97 13.010 24 121093D
120.24 21.10 15  202 39 -59 343 58 -113 1.880 24 051094B
121.23 21.05 15  344 21 50 206 74 104 13.890 23 060294A
121.64 21.05 42  197 39 -27 309 73 -125 1.360 24 030995B
120.86 21.63 18  55 45 146 171 67 51 8.010 23 040995B
121.55 20.44 50  283 36 175 17 87 54 9.950 23 051296A
121.45 21.78 31  214 41 108 11 52 75 1.910 26 090596L
121.38 21.75 15  5 38 120 149 58 69 1.380 24 090696I
121.64 21.83 46  342 57 33 233 63 143 7.590 23 062297B
120.59 21.22 39  5 2 -134 229 88 -88 1.460 24 082497B
120.76 21.75 32  201 26 -43 330 72 -110 10.480 23 082497D
122.06 20.70 159 37 35 -36 158 70 -120 4.670 24 030898A
120.63 20.75 15  160 32 63 12 62 106 5.990 23 050998C
121.25 20.15 31  63 23 103 230 67 85 11.320 23 070798E
121.79 21.43 24  160 77 -10 252 81 -167 1.730 25 072498C
120.54 20.41 15  201 47 48 74 58 125 1.320 24 120498B
121.84 20.81 38  238 81 -176 147 86 -9 2.500 24 070400E
121.91 20.35 22  234 73 -167 140 78 -18 4.380 25 071600A
122.15 20.34 37  222 77 169 314 79 13 1.970 24 021701E
121.77 20.20 28  96 77 168 189 79 13 2.970 24 031002A
121.36 21.95 32  0 51 47 236 55 130 2.550 24 082802B
121.32 20.28 38  12 26 80 203 65 95 3.296 24 010603C
121.50 20.72 49  162 77 -6 253 84 -167 5.945 23 020803A
121.84 20.57 17  23 51 40 265 60 133 2.350 24 070703C
121.77 20.30 73  290 43 -175 196 87 -47 1.924 24 081703A
122.30 20.15 31  203 46 118 346 51 64 2.528 24 010704E
121.48 21.93 12  113 42 -76 275 49 -102 2.496 24 050804B
122.28 20.33 21  298 65 0 208 90 155 2.166 23 072904H
122.34 20.22 26  32 86 180 122 90 4 6.432 23 073104D
