118.90 	22.80 	01	¡@¤s¸}Â_¼h
118.90 	22.73 	02	¡@´ò¤fÂ_¼h
118.90 	22.66 	03	¡@·s¦ËÂ_¼h
118.90 	22.59 	04	¡@·s«°Â_¼h
118.90 	22.52 	05	¡@·à¼æÂ_¼h
118.90 	22.45 	06	¡@¤T¸qÂ_¼h
118.90 	22.38 	07	¡@¤j¥ÒÂ_¼h
118.90 	22.31 	08	¡@ÅK¯z¤sÂ_¼h
118.90 	22.24 	09	¡@¤Ù¤l¸}Â_¼h
118.90 	22.17 	10	¡@¹ü¤ÆÂ_¼h
118.90 	22.10 	11	¡@¨®Å¢®HÂ_¼h
118.90 	22.03 	12	¡@¤j­T®H¡ÐÂù¥VÂ_¼h
118.90 	21.96 	13	¡@¤EË|§|Â_¼h
118.90 	21.89 	14	¡@±ö¤sÂ_¼h
118.90 	21.82 	15	¡@¤j¦y¤sÂ_¼h
118.90 	21.75 	16	¡@¤ì®j¼dÂ_¼h
118.90 	21.68 	17	¡@¤»¥ÒÂ_¼h
119.60 	22.80 	18	¡@Ä²¤fÂ_¼h
119.60 	22.73 	19	¡@·s¤ÆÂ_¼h
119.60 	22.66 	20	¡@«á¥Ò¨½Â_¼h
119.60 	22.59 	21	¡@¥ªÂíÂ_¼h
119.60 	22.52 	22	¡@¤p©£¤sÂ_¼h
119.60 	22.45 	23	¡@ºX¤sÂ_¼h
119.60 	22.38 	24	¡@¼é¦{Â_¼h
119.60 	22.31 	25	¡@«í¬KÂ_¼h
119.60 	22.24 	26	¡@¦Ì±[Â_¼h
119.60 	22.17 	27	¡@À­³»Â_¼h
119.60 	22.10 	28	¡@·çÁJÂ_¼h
119.60 	22.03 	29	¡@©_¬üÂ_¼h
119.60 	21.96 	30	¡@¥É¨½Â_¼h
119.60 	21.89 	31	¡@¦À¤WÂ_¼h
119.60 	21.82 	32	¡@³À³¥Â_¼h
119.60 	21.75 	33	¡@§Q¦NÂ_¼h
