> Shore Bin # 23161, Level 1
121.984512093	25
121.984527352	25.000015259
121.985381857	25.0008087282
121.985381857	25.0016632334
121.987533379	25.0037537194
121.988326848	25.0037537194
121.989135576	25.0045624475
121.990005341	25.0045777066
121.990829328	25.0054474708
121.99749752	25.0053559167
121.999588006	25.0074464027
121.999588006	25.0133058671
121.999588006	25.0138551919
121.999450675	25.0162203403
121.999160754	25.0170901045
121.998367285	25.0170901045
121.997467002	25.0179140917
121.996643015	25.0179140917
121.992477302	25.0220798047
121.990005341	25.0220492866
121.988723583	25.0208133059
121.988754101	25.0200045777
121.985778592	25.0171053635
121.984939345	25.0170901045
121.984588388	25.0175020981
121.984527352	25.0233310445
121.982497902	25.0253910124
121.981673915	25.0253910124
121.980773632	25.0262455177
121.979171435	25.0262149996
121.977492943	25.027893492
121.974975204	25.0279240101
121.974196994	25.0287174792
121.962478065	25.0286869612
121.961638819	25.027893492
121.960830091	25.027893492
121.959975586	25.0270847639
121.958312352	25.0270542458
121.957503624	25.0262455177
121.955031662	25.0262149996
121.954161898	25.0253604944
121.944975967	25.0254215305
121.943312734	25.0237430381
121.942473487	25.0237430381
121.941695277	25.0228580148
121.940810254	25.0228580148
121.939971008	25.023727779
121.936644541	25.023697261
121.935835813	25.0245517662
121.934966049	25.0245517662
121.93417258	25.0253910124
121.931639582	25.0253910124
121.931242847	25.0258335241
121.931639582	25.0262455177
121.935774777	25.0262149996
121.936614023	25.0254215305
121.937499046	25.0254215305
121.938338293	25.0245517662
121.93994049	25.0245822843
121.940383001	25.0249942779
121.936644541	25.0287479973
121.935866331	25.0287479973
121.931242847	25.0332799268
121.931242847	25.034134432
121.929533837	25.0358129244
121.929533837	25.0366674296
121.927885863	25.038300145
121.927916381	25.0416418708
121.926222629	25.0433356222
121.926253147	25.0449378195
121.925413901	25.0458075837
121.925413901	25.046662089
121.924528878	25.0474708171
121.924559396	25.0525062943
121.923750668	25.0532997635
121.923750668	25.0541695277
121.924589914	25.0549782559
121.924589914	25.0566414893
121.925383383	25.0574959945
121.925368124	25.0591744869
121.925032425	25.0595559625
121.924162661	25.0595559625
121.923277638	25.0604104677
121.920836194	25.0603952087
121.920393683	25.0608682383
121.9216907	25.0620584421
121.924132143	25.0620889601
121.926253147	25.0641641871
121.926253147	25.0658274205
121.923338674	25.0687266346
121.922438392	25.0687266346
121.918806744	25.072465095
121.918745708	25.0741435874
121.916670481	25.0762493324
121.914946212	25.0762493324
121.914579995	25.076646067
121.914549477	25.0775005722
121.91247425	25.0795605402
121.911589227	25.0795757992
121.911223011	25.0800030518
121.911192493	25.08081178
121.910383764	25.0816357671
121.910368505	25.0825055314
121.911253529	25.0832990005
121.911253529	25.0841687648
121.912062257	25.084992752
121.909559777	25.0874952316
121.909590295	25.0924696727
121.910383764	25.0932784009
121.910383764	25.0941329061
121.911192493	25.0950331884
121.911192493	25.0958266575
121.912916762	25.0975051499
121.912855726	25.0982986191
121.913694972	25.0991683833
121.91372549	25.1008316167
121.91294728	25.1016098268
121.91372549	25.1024948501
121.913771267	25.1041428244
121.914579995	25.1050278477
121.914579995	25.1058365759
121.914946212	25.1062180514
121.918333715	25.1062485695
121.919584955	25.1074692912
121.919584955	25.1083390555
121.918699931	25.1091630426
121.918699931	25.110780499
121.917921721	25.1116350042
121.917921721	25.1166094453
121.916670481	25.1179369802
121.91497673	25.1179217212
121.91419852	25.117051957
121.913328756	25.117051957
121.912535286	25.1162432288
121.909132525	25.1162279698
121.908751049	25.1166704814
121.908751049	25.1174792096
121.911604486	25.1203631647
121.912504768	25.1203631647
121.915358206	25.1233081559
121.915358206	25.1241626612
121.917921721	25.1266651408
121.917921721	25.1291371023
121.918699931	25.1300068666
121.918699931	25.1308613718
121.919584955	25.1316700999
121.918303197	25.1329213397
121.916670481	25.1328908217
121.915785458	25.1320820935
121.91497673	25.1320820935
121.91419852	25.1312275883
121.91247425	25.1311970703
121.910826276	25.1295796139
121.909941253	25.1295796139
121.909590295	25.1291065843
121.909590295	25.1283131151
121.9104448	25.127534905
121.909971771	25.1270618753
121.909163043	25.1270618753
121.908339055	25.1279163806
121.905836576	25.1278858625
121.90499733	25.1270771344
121.904112306	25.1270771344
121.90249485	25.1253833829
121.900801099	25.1253833829
121.899137865	25.1270771344
121.898329137	25.1270771344
121.897520409	25.1262226291
121.896635386	25.1262226291
121.894972152	25.1245288777
121.894132906	25.1245288777
121.893308919	25.1237201495
121.890806439	25.1237811856
121.889967193	25.1245593957
121.886671244	25.1245899138
121.88580148	25.1237201495
121.884107729	25.1237201495
121.882475013	25.125413901
121.881666285	25.125413901
121.880827039	25.1262836652
121.880003052	25.1262531472
121.879194324	25.1270618753
121.870893416	25.1270618753
121.869977874	25.1279163806
121.867521172	25.1278858625
121.866636149	25.1270771344
121.865003433	25.1287251087
121.862531472	25.1262531472
121.859967956	25.1262226291
121.859143969	25.1270771344
121.858243687	25.1270771344
121.857892729	25.1274738689
121.857892729	25.1291981384
121.857465476	25.1295796139
121.856672007	25.1295796139
121.855771725	25.1287251087
121.850812543	25.1287251087
121.850003815	25.1295338369
121.846631571	25.1295490959
121.845838102	25.1304188602
121.842465858	25.1303883421
121.841611353	25.1312428473
121.837506676	25.1312733654
121.83666743	25.1320515755
121.829114214	25.1320515755
121.828305486	25.1312428473
121.827466239	25.1312428473
121.826642252	25.1303883421
121.825864042	25.1303578241
121.824551766	25.1291676204
121.824582284	25.1266346227
121.824170291	25.1262226291
121.823300526	25.1262226291
121.822507057	25.125413901
121.81919585	25.1253833829
121.818326085	25.1262531472
121.81747158	25.1262226291
121.816632334	25.125413901
121.816281376	25.1258258946
121.816250858	25.1283588922
121.8149691	25.1295338369
121.814145113	25.1295796139
121.813778897	25.1300068666
121.813748379	25.1308003357
121.812863355	25.1316395819
121.815411612	25.1341878386
121.815411612	25.1366598001
121.8149691	25.1370565347
121.811612116	25.1370870527
121.810833906	25.1362172885
121.8099794	25.1370870527
121.80827039	25.1370565347
121.807476921	25.1362478065
121.803311208	25.1362172885
121.800839246	25.1387197681
121.798306249	25.1387502861
121.797863737	25.1391317617
121.797909514	25.1416647593
121.796643015	25.142854963
121.795803769	25.142854963
121.795391775	25.1433127337
121.796612497	25.1445792325
121.797436484	25.1445792325
121.797940032	25.1450064851
121.797909514	25.1466697185
121.798306249	25.147051194
121.799114977	25.1470817121
121.800411994	25.1483329519
121.800411994	25.14914168
121.8	25.1495536736
121.796643015	25.1495841917
121.795803769	25.1503624018
121.790753033	25.1503929198
121.790005341	25.151247425
121.788693065	25.1499656672
121.788723583	25.1483024338
121.789578088	25.1474479286
121.789608606	25.1466392004
121.789974823	25.1462424659
121.79079881	25.1462424659
121.791195544	25.1457999542
121.791195544	25.1450064851
121.7900206	25.1437247272
121.789166094	25.1437247272
121.785839628	25.1470817121
121.784145876	25.147051194
121.78330663	25.1479209583
121.782467384	25.1479209583
121.781643397	25.1487144274
121.78080415	25.1487449454
121.780392157	25.1491721981
121.780361639	25.1508354314
121.779171435	25.1520866712
121.775799191	25.1521171893
121.775005722	25.1528953994
121.772472724	25.1529411765
121.770443275	25.1549706264
121.770443275	25.1558403906
121.76833753	25.1578850996
121.76661326	25.1579156176
121.765026322	25.1561913481
121.764187076	25.1562523842
121.763302052	25.1554436561
121.761638819	25.155413138
121.758312352	25.1520866712
121.757503624	25.1520561532
121.75616083	25.1507743954
121.756191348	25.1483329519
121.75538262	25.1474784466
121.75538262	25.1466697185
121.754192416	25.1453879606
121.750835431	25.1454184787
121.749996185	25.1445487144
121.749187457	25.1445334554
121.748332952	25.1437247272
121.746608682	25.1437705043
121.745799954	25.1429159991
121.744975967	25.142885481
121.744167239	25.1420767529
121.743389029	25.1420767529
121.742061494	25.1408102541
121.742061494	25.1400015259
121.741664759	25.1396047913
121.740810254	25.1395895323
121.740367742	25.1391317617
121.740367742	25.1383382925
121.740001526	25.1379110399
121.739116503	25.1379110399
121.738750286	25.1375295644
121.738750286	25.1366598001
121.736644541	25.1345845731
121.735805295	25.1345540551
121.735362783	25.1349660487
121.735423819	25.1358358129
121.736247807	25.1366445411
121.736247807	25.1374990463
121.737026017	25.1383535515
121.737056535	25.1416342412
121.736247807	25.1424734874
121.736247807	25.1433279927
121.735393301	25.1441367208
121.735393301	25.1450064851
121.735835813	25.1453879606
121.738307774	25.142885481
121.740825513	25.1429159991
121.741634241	25.1437247272
121.743327993	25.1437552453
121.74586099	25.1462272068
121.747478447	25.1462424659
121.747920958	25.1466392004
121.74789044	25.1483024338
121.747493706	25.1487754635
121.745799954	25.1487449454
121.744640269	25.1499961852
121.744609751	25.1508049134
121.743724727	25.1516594186
121.743755245	25.1525291829
121.742473487	25.1537193866
121.740032044	25.1537499046
121.739589532	25.1541313802
121.740001526	25.1545586328
121.740825513	25.1545586328
121.742473487	25.1562523842
121.743282216	25.1562523842
121.743770504	25.1566338598
121.743755245	25.1583123522
121.742473487	25.159563592
121.738338293	25.159578851
121.737529564	25.1603875792
121.73417258	25.1604180972
121.733714809	25.1607995727
121.73369955	25.161669337
121.734584573	25.1624780652
121.734142061	25.1629510948
121.733302815	25.1629205768
121.732478828	25.163729305
121.7316701	25.163775082
121.729976349	25.1620813306
121.72916762	25.1620813306
121.726695659	25.1645838102
121.724971389	25.1645838102
121.723338674	25.1662165255
121.722499428	25.1662775616
121.72121767	25.1674677653
121.72121767	25.1683375296
121.720836194	25.1687190051
121.716609445	25.1687495232
121.715831235	25.167940795
121.71247425	25.167910277
121.711635004	25.1687495232
121.707499809	25.1687190051
121.706660563	25.167910277
121.704173342	25.1678950179
121.703807126	25.1683375296
121.703807126	25.1691462577
121.702861067	25.170000763
121.703776608	25.1708094911
121.703807126	25.1750057221
121.704585336	25.1757991913
121.704554818	25.1774776837
121.704112306	25.1778591592
121.702479591	25.1779201953
121.701640345	25.1786984054
121.699168383	25.1787441825
121.697886625	25.1799954223
121.697917144	25.1808651865
121.695811398	25.1828946365
121.689997711	25.1829098955
121.689112688	25.1837491417
121.687464714	25.1837491417
121.684580758	25.1866330968
121.684534981	25.1875028611
121.683695735	25.1883115892
121.683695735	25.1891660945
121.68206302	25.1907988098
121.682032502	25.191668574
121.68128481	25.1924467842
121.681254292	25.195834287
121.68206302	25.1966430152
121.682139315	25.1974364843
121.682475013	25.197909514
121.683283742	25.197909514
121.690394446	25.2049744411
121.690394446	25.2057831693
121.689997711	25.206256199
121.686610208	25.2061951629
121.686228733	25.2066681926
121.687083238	25.2074769207
121.687083238	25.208331426
121.687464714	25.2087434195
121.68830396	25.2087434195
121.689967193	25.210421912
121.690867475	25.2103608759
121.691218433	25.2107728695
121.691187915	25.2116426337
121.694941634	25.2153963531
121.69578088	25.2154116121
121.697077897	25.2166628519
121.697077897	25.2174715801
121.69625391	25.2183260853
121.696223392	25.2191348135
121.695857176	25.2195773251
121.694972152	25.2195773251
121.691691463	25.2162203403
121.690867475	25.2162203403
121.688715953	25.2141451133
121.688715953	25.2133363851
121.685831998	25.2103913939
121.684977493	25.2103913939
121.684107729	25.2095521477
121.683299001	25.2095521477
121.682917525	25.2091706722
121.682917525	25.2083009079
121.682505531	25.2078889143
121.68206302	25.2082703899
121.682032502	25.2091401541
121.681666285	25.2096131838
121.680827039	25.2095826658
121.679972534	25.2103913939
121.679133288	25.2095826658
121.6783093	25.2095826658
121.677058061	25.208361944
121.677088579	25.2075074388
121.675028611	25.2054169528
121.674143587	25.2054169528
121.673334859	25.2045624475
121.672892348	25.2050049592
121.672938125	25.2057984283
121.672465095	25.206256199
121.670862898	25.206256199
121.669977874	25.2053559167
121.667444877	25.2054169528
121.666697185	25.206256199
121.66411841	25.2062256809
121.6633402	25.2070801862
121.662470436	25.2070801862
121.661646448	25.2078889143
121.660807202	25.2079194324
121.659174487	25.2095826658
121.658335241	25.2095521477
121.657892729	25.2099794003
121.657892729	25.2108339055
121.657495995	25.2112153811
121.656672007	25.2112764172
121.648722057	25.2191653315
121.648783093	25.2199740597
121.647058824	25.2216678111
121.647135119	25.2224765393
121.646280613	25.2233310445
121.646250095	25.2241397726
121.645365072	25.2249790188
121.645365072	25.2258335241
121.644525826	25.2266422522
121.647089342	25.2291447318
121.647089342	25.2308079652
121.647882811	25.2316624704
121.647135119	25.2325017166
121.647089342	25.2349736782
121.646631571	25.2354467079
121.644998856	25.2354161898
121.644556344	25.2349431601
121.644586862	25.234134432
121.64368658	25.2333257038
121.643747616	25.2324711986
121.643335622	25.232089723
121.641641871	25.232059205
121.640802625	25.2329137102
121.639978637	25.2329137102
121.639169909	25.2336919203
121.638284886	25.2337529564
121.63744564	25.2345616846
121.636697948	25.2345311666
121.633310445	25.2378881514
121.632501717	25.2378881514
121.632059205	25.2382848859
121.632104982	25.2391393912
121.630395972	25.2408331426
121.630365454	25.2416418708
121.629617762	25.242496376
121.630441749	25.2433051041
121.630472267	25.2524757763
121.629556725	25.2533302815
121.629556725	25.2574654765
121.628717479	25.2583047227
121.628686961	25.2625009537
121.62792401	25.2633096818
121.62792401	25.2641641871
121.627084764	25.2650034333
121.627084764	25.2658121614
121.623697261	25.2691691463
121.623743038	25.2699778744
121.620355535	25.2733043412
121.620416571	25.2741130694
121.61997406	25.274586099
121.619165332	25.274555581
121.614114595	25.2795605402
121.613305867	25.2795605402
121.611642634	25.2812542916
121.610025177	25.2812542916
121.609170672	25.2820325017
121.607476921	25.2820782788
121.606637675	25.2828870069
121.604165713	25.282917525
121.60328069	25.2837720302
121.602471962	25.2837567712
121.600442512	25.2858014801
121.600442512	25.2866712444
121.598306249	25.2887006943
121.59749752	25.2887006943
121.594995041	25.2912489509
121.593331807	25.2912489509
121.591638056	25.2928816663
121.589944305	25.2929121843
121.589166094	25.2937209125
121.586633097	25.2937514305
121.585839628	25.2945601587
121.581673915	25.2945601587
121.58002594	25.2962233921
121.579110399	25.2962539101
121.576638437	25.2987563897
121.575005722	25.2987563897
121.574166476	25.2995803769
121.57332723	25.2995803769
121.572503243	25.3004501411
121.565804532	25.300358587
121.564995804	25.2995498589
121.56333257	25.2995498589
121.562081331	25.2983291371
121.562081331	25.2974746319
121.561272602	25.2966659037
121.561272602	25.2958571756
121.560860609	25.2953841459
121.559945068	25.2953841459
121.559136339	25.2945754177
121.552498665	25.2945601587
121.55164416	25.2954146639
121.547478447	25.2953841459
121.546669718	25.2945601587
121.545006485	25.2945601587
121.544136721	25.2937514305
121.543312734	25.2945296407
121.541664759	25.2945754177
121.540856031	25.2953536278
121.53916228	25.2954146639
121.538307774	25.296192874
121.537499046	25.296192874
121.536690318	25.2970626383
121.535774777	25.2970321202
121.534554055	25.2983596551
121.534615091	25.3008010986
121.532494087	25.3029221027
121.529976349	25.3028915846
121.529610132	25.3024795911
121.529610132	25.3016098268
121.527916381	25.3000076295
121.527946899	25.2983291371
121.527061875	25.2974746319
121.527885863	25.2966048676
121.527885863	25.2933089189
121.527061875	25.2924696727
121.527107652	25.2916151675
121.526634623	25.2912184329
121.525856413	25.2911879149
121.524132143	25.2895246815
121.523308156	25.2895857176
121.52246891	25.2887769894
121.515831235	25.2887464714
121.514137484	25.287083238
121.511635004	25.2870527199
121.510856794	25.2879224842
121.509163043	25.2878919661
121.507866026	25.2891432059
121.507866026	25.2899977111
121.50702678	25.2908674754
121.507087816	25.2916456855
121.504966812	25.2937514305
121.503715572	25.2924696727
121.503700313	25.2891432059
121.502891585	25.2882734417
121.502922103	25.2858014801
121.501640345	25.2846112764
121.500831617	25.2845807584
121.499198901	25.282917525
121.497474632	25.2828870069
121.495811398	25.2812848096
121.494163424	25.2812542916
121.493278401	25.2803845274
121.491645686	25.2804150454
121.490775921	25.2795605402
121.489997711	25.2795605402
121.488334478	25.2779125658
121.486640726	25.2779125658
121.485831998	25.2770580606
121.484107729	25.2770885786
121.483299001	25.2762188144
121.482505531	25.2761882963
121.481696803	25.2753948272
121.48081178	25.2753948272
121.480003052	25.274586099
121.4783093	25.274555581
121.476691844	25.2728923476
121.475867857	25.2728618296
121.474967575	25.2720531014
121.474189364	25.2720531014
121.472053101	25.2700236515
121.472053101	25.2666361486
121.471229114	25.2658274205
121.471229114	25.2649729152
121.468726635	25.2624704356
121.468757153	25.2616159304
121.46785687	25.2608072023
121.467887388	25.2599984741
121.467109178	25.2591439689
121.467109178	25.2583352407
121.464972915	25.2562447547
121.464133669	25.2562447547
121.463279164	25.2553597314
121.462470436	25.2554207675
121.461646448	25.2546120394
121.459998474	25.2545815213
121.459143969	25.2537270161
121.457419699	25.2537575341
121.456610971	25.2528877699
121.452475776	25.2529182879
121.451697566	25.2536964981
121.446662089	25.2537575341
121.444525826	25.2516670481
121.444556344	25.2508125429
121.443717098	25.2500038148
121.443747616	25.2491340505
121.442969406	25.2483405814
121.442893111	25.2474708171
121.442084382	25.246662089
121.442053864	25.2441443503
121.439551385	25.2416418708
121.439551385	25.2408331426
121.43869688	25.2399786374
121.438727398	25.238300145
121.437918669	25.2375066758
121.437888151	25.2333104448
121.434607462	25.229938201
121.434576944	25.2291447318
121.433752956	25.2283360037
121.433722438	25.2249790188
121.43291371	25.2241397726
121.432867933	25.2224765393
121.431631952	25.2212710765
121.430807965	25.2212558175
121.428305486	25.2186923018
121.427420462	25.2186923018
121.424551766	25.2158083467
121.424582284	25.2149996185
121.422888533	25.2133363851
121.422919051	25.2124666209
121.421225299	25.2108339055
121.421271077	25.2099794003
121.419562066	25.2083009079
121.419577325	25.2075074388
121.417029068	25.2050049592
121.417029068	25.2041351949
121.415365835	25.2025329976
121.415365835	25.2016632334
121.413748379	25.199969482
121.413687343	25.1991149767
121.412924392	25.1983062486
121.412939651	25.1949645228
121.412054627	25.1941100175
121.412085145	25.1933012894
121.411642634	25.1929198138
121.410803388	25.1928892958
121.409994659	25.1920805676
121.408300908	25.1920500496
121.407507439	25.1912565805
121.403356985	25.1911955444
121.402471962	25.1903868162
121.40077821	25.1903868162
121.400381476	25.1899748226
121.400411994	25.1883115892
121.400808728	25.1879148547
121.401663233	25.1879148547
121.40250248	25.1870756085
121.404974441	25.1871061265
121.405828946	25.1862516213
121.406668193	25.1862516213
121.410391394	25.1824979019
121.410391394	25.1816433967
121.412054627	25.1799954223
121.412054627	25.1791409171
121.412451362	25.1787441825
121.414160372	25.1787747005
121.4149691	25.1779201953
121.416632334	25.1779507134
121.417502098	25.1770809491
121.422476539	25.1770809491
121.423300526	25.1762264439
121.425833524	25.1761959258
121.42667277	25.1754177157
121.427496757	25.1754177157
121.428305486	25.1745632105
121.429144732	25.1745784695
121.430807965	25.1729152361
121.431616693	25.1729457542
121.432501717	25.1720759899
121.433310445	25.1720759899
121.434134432	25.1712520027
121.434973678	25.1712520027
121.440802625	25.1654230564
121.441687648	25.1654230564
121.442496376	25.1645532921
121.442801556	25.1633020523
121.442969406	25.1614099336
121.442557412	25.1595330739
121.441077287	25.1585870146
121.437476158	25.1575799191
121.434607462	25.157503624
121.430807965	25.1612268254
121.429999237	25.1612268254
121.428336004	25.1629205768
121.426642252	25.1629205768
121.425803006	25.163744564
121.423285267	25.163729305
121.421637293	25.1654383154
121.41747158	25.1653925383
121.416662852	25.1662470436
121.412466621	25.1662470436
121.411642634	25.1670557717
121.410833906	25.1662165255
121.410391394	25.1666437781
121.410437171	25.1708094911
121.411642634	25.1720759899
121.412466621	25.1720607309
121.412939651	25.1724422065
121.412924392	25.1733119707
121.411718929	25.1745632105
121.410803388	25.1746089876
121.409994659	25.1737544823
121.407476921	25.1737239643
121.406225681	25.1725032425
121.406225681	25.1716334783
121.394110018	25.159578851
121.393301289	25.159563592
121.387441825	25.1537193866
121.386663615	25.1537499046
121.384161135	25.1512779431
121.383337148	25.151247425
121.382909895	25.1508049134
121.382909895	25.1499961852
121.382024872	25.1491874571
121.38205539	25.1483329519
121.381689174	25.1479209583
121.380865187	25.1479209583
121.379964904	25.1486991684
121.379140917	25.1478904402
121.378301671	25.1479514763
121.377447166	25.147051194
121.376638437	25.147051194
121.374975204	25.1453879606
121.372442206	25.1454184787
121.371633478	25.1445792325
121.370000763	25.1445792325
121.369146258	25.1437247272
121.368307012	25.1437552453
121.367498283	25.142885481
121.365804532	25.142854963
121.364995804	25.1420614939
121.362493324	25.1420767529
121.361669337	25.1412222477
121.360784314	25.1412222477
121.359975586	25.1403830014
121.358327611	25.1403830014
121.356664378	25.1387502861
121.355840391	25.1387502861
121.354970626	25.1378957809
121.354161898	25.1379110399
121.353276875	25.1370565347
121.352468147	25.1370565347
121.351689937	25.1362172885
121.349996185	25.1362783246
121.34914168	25.1354238193
121.348332952	25.1353933013
121.347447929	25.1345845731
121.345799954	25.1345540551
121.345006485	25.1337453269
121.344136721	25.1337453269
121.343327993	25.1329365988
121.342504005	25.1329213397
121.341634241	25.1320515755
121.340001526	25.1320820935
121.339131762	25.1312275883
121.3366598	25.1312428473
121.335805295	25.1304493782
121.33417258	25.1304188602
121.333272297	25.1295490959
121.331639582	25.1295796139
121.330861372	25.1287251087
121.328328374	25.1287556268
121.327443351	25.1279468986
121.323308156	25.1278858625
121.322499428	25.1270771344
121.315800717	25.1270618753
121.315007248	25.1262531472
121.311665522	25.1262226291
121.310856794	25.1253833829
121.309971771	25.1262531472
121.304112306	25.1262531472
121.303395132	25.1270313573
121.293339437	25.1270771344
121.292469673	25.1262226291
121.289936675	25.1262531472
121.289585718	25.1258258946
121.289585718	25.1249713893
121.288273442	25.1237811856
121.287464714	25.1237506676
121.287083238	25.123353933
121.287113756	25.1224994278
121.286610208	25.1220874342
121.284138247	25.1220569162
121.283329519	25.121248188
121.266666667	25.1212176699
121.26582742	25.1220569162
121.263309682	25.1220263981
121.262470436	25.1228961624
121.259937438	25.1229114214
121.259113451	25.1237201495
121.257465476	25.1237506676
121.256687266	25.1245593957
121.254978256	25.1245899138
121.254215305	25.125413901
121.251606012	25.1253833829
121.250827802	25.1245288777
121.249973297	25.1245899138
121.249164569	25.1237811856
121.245777066	25.1237201495
121.244968338	25.1229114214
121.24414435	25.1237506676
121.243335622	25.1228961624
121.242893111	25.123338674
121.242862593	25.1241321431
121.242465858	25.1245593957
121.241611353	25.1245899138
121.239108873	25.1221179522
121.238300145	25.1220874342
121.237857633	25.1216144045
121.237888151	25.1208361944
121.235828183	25.1187151904
121.235049973	25.1187151904
121.234134432	25.1179217212
121.231631952	25.1178912032
121.230853742	25.1187151904
121.229159991	25.1187151904
121.228274968	25.1178912032
121.226688029	25.1178912032
121.224979019	25.1162432288
121.224200809	25.1162432288
121.223361563	25.1153582055
121.221637293	25.1154192416
121.220813306	25.1145342184
121.218326085	25.1145494774
121.217441062	25.1137560082
121.213305867	25.1137560082
121.212497139	25.112886244
121.211673152	25.112886244
121.210803388	25.1120775158
121.207507439	25.1120775158
121.206668193	25.1112230106
121.205828946	25.1111924926
121.205004959	25.1103837644
121.20328069	25.1103685054
121.202090486	25.1091630426
121.202059968	25.1083085374
121.201632715	25.1078965438
121.199160754	25.1079118029
121.198275731	25.1070572976
121.195834287	25.1070878157
121.194964523	25.1062485695
121.194171054	25.1062485695
121.192477302	25.104554818
121.191638056	25.104554818
121.189974823	25.1029373617
121.189166094	25.1029221027
121.187472343	25.1012436103
121.185854887	25.1012283513
121.184969863	25.1004196231
121.183367666	25.1003891051
121.181673915	25.0987563897
121.180773632	25.0987563897
121.179964904	25.0978866255
121.178332189	25.0979171435
121.176668956	25.0962233921
121.175829709	25.0962233921
121.175005722	25.0954146639
121.174166476	25.0953841459
121.173281453	25.0945296407
121.172472724	25.0945754177
121.169558251	25.0916609445
121.169588769	25.0899977111
121.169970245	25.0895551995
121.170840009	25.0903639277
121.171221485	25.0899671931
121.171221485	25.089173724
121.170382238	25.0883039597
121.170382238	25.0874494545
121.170000763	25.087083238
121.16833753	25.0887159533
121.167467765	25.0879224842
121.166674296	25.0887159533
121.163302052	25.0887159533
121.161638819	25.087113756
121.160006104	25.087083238
121.159227893	25.0862287327
121.158312352	25.0862439918
121.157503624	25.0853894865
121.155840391	25.0853589685
121.155001144	25.0845502403
121.153368429	25.0845807584
121.152498665	25.0837262531
121.151659419	25.0837262531
121.150804913	25.0828870069
121.147478447	25.082917525
121.146669718	25.0821087968
121.141695277	25.0821087968
121.140810254	25.0812237736
121.137468528	25.0812542916
121.135805295	25.0795605402
121.131700618	25.0795605402
121.130830854	25.078751812
121.124162661	25.078721294
121.123338674	25.0779125658
121.12246891	25.0778820478
121.121614405	25.0770275425
121.116639963	25.0770885786
121.115831235	25.0762188144
121.114137484	25.0762493324
121.113328756	25.0753948272
121.111635004	25.0754100862
121.110826276	25.0746166171
121.109941253	25.074586099
121.109132525	25.0737163348
121.108339055	25.0737010758
121.107438773	25.0728923476
121.10499733	25.0728618296
121.104173342	25.0721141375
121.102449073	25.0720836194
121.101670863	25.0712291142
121.100801099	25.0712443732
121.10000763	25.070389868
121.099229419	25.070389868
121.098329137	25.0695506218
121.096604868	25.0696116579
121.094941634	25.0679179065
121.093339437	25.0678873884
121.092500191	25.0670786603
121.090836957	25.0670634012
121.089997711	25.0662546731
121.089112688	25.0662546731
121.08081178	25.0578927291
121.08003357	25.0579232471
121.079118029	25.0570534829
121.0783093	25.0570229648
121.075837339	25.0545510033
121.074937057	25.0545815213
121.073273823	25.0529182879
121.072449836	25.0528877699
121.071671626	25.0520790417
121.07083238	25.0520790417
121.069535363	25.05085832
121.069550622	25.0500038148
121.068299382	25.048783093
121.064164187	25.0487220569
121.063309682	25.0479133288
121.061661707	25.0478828107
121.060868238	25.0470893416
121.059143969	25.0471046006
121.058274205	25.0462195773
121.056641489	25.0462195773
121.055832761	25.0453955901
121.052475776	25.0454108492
121.05163653	25.04461738
121.050812543	25.044586862
121.050034333	25.0437170977
121.049134051	25.0437476158
121.048340581	25.0428931106
121.047531853	25.0428931106
121.044968338	25.040390631
121.04414435	25.040421149
121.042465858	25.0387426566
121.041672389	25.0387273976
121.041214618	25.038330663
121.041245136	25.0374761578
121.039551385	25.0358281834
121.039581903	25.0349736782
121.039169909	25.0345769436
121.038330663	25.0345616846
121.037079423	25.0332799268
121.037109941	25.0324711986
121.035812924	25.0311894408
121.034973678	25.0312504768
121.033310445	25.0295567254
121.032501717	25.0295567254
121.029617762	25.0266422522
121.029526207	25.025772488
121.027862974	25.0241702907
121.027862974	25.0233005264
121.023727779	25.0191653315
121.023773556	25.0166628519
121.022079805	25.0149691005
121.022140841	25.0141603723
121.020004578	25.0120851453
121.019104295	25.0120546273
121.018783856	25.0116731518
121.018783856	25.0108033875
121.017090105	25.0091096361
121.017059586	25.0075074388
121.016281376	25.0066376745
121.01622034	25.0049744411
121.015411612	25.004165713
121.015396353	25.0016327153
121.013809415	25.000015259
121.013794156	25
> Shore Bin # 23520, Level 1
121	24.9662623026
120.990005341	24.9561913481
120.989166094	24.9562523842
120.98205539	24.9491721981
120.982085908	24.9483024338
120.981200885	24.9474784466
120.981216144	24.9466086824
120.980422675	24.9457999542
120.980422675	24.9424734874
120.982940414	24.9400015259
120.982467384	24.9395895323
120.981643397	24.9395895323
120.98080415	24.9404135195
120.979171435	24.9403830014
120.977492943	24.9387197681
120.975799191	24.9387502861
120.97332723	24.9361867704
120.972533761	24.9362478065
120.97207599	24.9358358129
120.972106508	24.9349660487
120.966216526	24.9291676204
120.966247044	24.9283131151
120.965438315	24.927504387
120.965392538	24.9266346227
120.964614328	24.9258106355
120.964614328	24.9250019074
120.963775082	24.9241321431
120.963744564	24.923338674
120.962890059	24.9224689097
120.962890059	24.9216601816
120.962081331	24.9208667124
120.962035554	24.9199969482
120.961226825	24.919172961
120.961257343	24.9183031968
120.960387579	24.9174486915
120.960357061	24.9141680018
120.961638819	24.9129472801
120.966689555	24.912886244
120.967437247	24.9120317388
120.96833753	24.9120622568
120.969146258	24.912916762
120.970000763	24.912886244
120.970809491	24.9137560082
120.971633478	24.9137560082
120.97207599	24.9133134966
120.972106508	24.9116350042
120.9728542	24.9108567941
120.972503243	24.9103837644
120.971633478	24.9103837644
120.970855268	24.9112230106
120.969970245	24.9112230106
120.969161517	24.9103837644
120.967467765	24.9104448005
120.966674296	24.9095597772
120.965774014	24.9095597772
120.965026322	24.9103837644
120.963363088	24.9103837644
120.962035554	24.9091630426
120.962050813	24.9083085374
120.956664378	24.9028915846
120.95585565	24.9028915846
120.947920958	24.8949721523
120.947920958	24.8941634241
120.947081712	24.8933089189
120.947020676	24.8925001907
120.946227207	24.8916456855
120.946242466	24.8899671931
120.945418479	24.8891432059
120.945448997	24.8874952316
120.944609751	24.8866102083
120.944533455	24.8841382467
120.943724727	24.8833295186
120.943755245	24.8816052491
120.942885481	24.88081178
120.942946517	24.8783398184
120.942061494	24.8774700542
120.942030976	24.8749980926
120.941252766	24.8741435874
120.941252766	24.872465095
120.940383001	24.8716716258
120.940413519	24.8708628977
120.939604791	24.8699778744
120.939589532	24.868299382
120.93868925	24.8674448768
120.938719768	24.8658274205
120.937865263	24.8649729152
120.93791104	24.8616464485
120.938338293	24.8612497139
120.940001526	24.8612191958
120.940810254	24.8620889601
120.945830472	24.862027924
120.946669718	24.8612497139
120.947493706	24.8611886778
120.948302434	24.8604104677
120.949172198	24.8603646906
120.952895399	24.8566414893
120.952910658	24.8549782559
120.952529183	24.8545510033
120.951216907	24.8558022431
120.951186389	24.8566109712
120.948332952	24.8595559625
120.947493706	24.8596169986
120.946608682	24.8603952087
120.944975967	24.8604104677
120.944197757	24.8612802319
120.941634241	24.8612497139
120.940810254	24.8604104677
120.938338293	24.8603952087
120.937529564	24.8595864805
120.936644541	24.8595559625
120.936217288	24.8591744869
120.936217288	24.8583047227
120.9366598	24.8578927291
120.937468528	24.8579232471
120.938338293	24.8570534829
120.939131762	24.8570840009
120.940001526	24.8578927291
120.945830472	24.8579232471
120.946669718	24.8570534829
120.947493706	24.8570840009
120.947951476	24.8566872663
120.947920958	24.8558327611
120.947447929	24.8554207675
120.946669718	24.8553902495
120.944975967	24.8570534829
120.942534524	24.8570534829
120.941695277	24.8562447547
120.934187839	24.8561989776
120.933745327	24.8558022431
120.933714809	24.8532845045
120.934996567	24.8520790417
120.935866331	24.8520485237
120.9366598	24.8512550546
120.937468528	24.8511940185
120.93791104	24.8508125429
120.937468528	24.8504158083
120.936614023	24.8503852903
120.936217288	24.8499732967
120.936247807	24.8491340505
120.935835813	24.8487220569
120.93417258	24.8503547723
120.933363851	24.8504158083
120.93292134	24.8500038148
120.93292134	24.8491340505
120.932051575	24.8483405814
120.932051575	24.8475318532
120.931639582	24.8470588235
120.930800336	24.8470588235
120.930022126	24.8462195773
120.927473869	24.8462500954
120.925383383	24.8482795453
120.925413901	24.8500038148
120.924528878	24.85085832
120.924589914	24.8516670481
120.923308156	24.8528877699
120.921660182	24.8528877699
120.920393683	24.8516670481
120.920393683	24.8508125429
120.916639963	24.8470893416
120.915861753	24.8470588235
120.914549477	24.8457770657
120.914579995	24.8449683375
120.914168002	24.844586862
120.913328756	24.8445563439
120.910368505	24.8416723888
120.9104448	24.8391393912
120.911253529	24.8382848859
120.911253529	24.8375066758
120.909132525	24.8353856718
120.908339055	24.8353856718
120.902891585	24.829968719
120.902922103	24.8291142138
120.902052338	24.8283054856
120.902052338	24.8274967575
120.90124361	24.8266422522
120.901228351	24.8249790188
120.900419623	24.8241397726
120.900389105	24.8225070573
120.899580377	24.8216678111
120.8995346	24.8133058671
120.900419623	24.8124971389
120.900389105	24.8116731518
120.900862135	24.8112001221
120.906660563	24.8112153811
120.907469291	24.8120851453
120.911726558	24.8120241093
120.912916762	24.8108033875
120.91294728	24.8091401541
120.913313497	24.8087434195
120.914106966	24.8087434195
120.915861753	24.8070496681
120.916670481	24.8070496681
120.918333715	24.8054169528
120.91918822	24.8053864347
120.919584955	24.8049744411
120.919142443	24.8045777066
120.917524987	24.8045624475
120.916670481	24.8054169528
120.915800717	24.8053864347
120.914168002	24.8070801862
120.912443732	24.8070496681
120.912077516	24.8066681926
120.912077516	24.8033264668
120.91294728	24.8024719615
120.91247425	24.802090486
120.91169604	24.802059968
120.9104448	24.8007782101
120.910383764	24.7983367666
120.909605554	24.7974975204
120.909590295	24.7949645228
120.908720531	24.7941100175
120.908781567	24.7907835508
120.907911803	24.7899748226
120.907896544	24.7875028611
120.907087816	24.7866330968
120.907087816	24.7841153582
120.906248569	24.78330663
120.906218051	24.7733272297
120.905439841	24.7725337606
120.905439841	24.7716639963
120.904615854	24.7708400092
120.904615854	24.7699702449
120.90249485	24.7678950179
120.899168383	24.7678950179
120.898298619	24.7670862898
120.89750515	24.7670862898
120.897062638	24.7666742962
120.897077897	24.7607995727
120.897917144	24.7599755856
120.897917144	24.7566338598
120.897062638	24.7558403906
120.897077897	24.7541618982
120.89625391	24.753307393
120.89625391	24.7524986648
120.893781949	24.7499961852
120.893781949	24.7474784466
120.893308919	24.747051194
120.892500191	24.7479209583
120.891615167	24.747020676
120.890806439	24.7470817121
120.888334478	24.7445792325
120.887495232	24.7445792325
120.885831998	24.742885481
120.880827039	24.7429465171
120.879972534	24.7420614939
120.879133288	24.7420614939
120.878339818	24.7412222477
120.87753109	24.7412222477
120.875867857	24.7395895323
120.874967575	24.7395895323
120.874586099	24.7391165026
120.874586099	24.7383077745
120.874189364	24.7379110399
120.873334859	24.7378957809
120.871641108	24.7362783246
120.870862898	24.7362478065
120.869169146	24.7345845731
120.868284123	24.7345540551
120.866605631	24.7329213397
120.865812161	24.7329213397
120.865003433	24.7320515755
120.86411841	24.7320820935
120.863309682	24.7312275883
120.862531472	24.7311970703
120.859967956	24.7286945907
120.859174487	24.7287556268
120.858716716	24.7283283742
120.858777752	24.7274738689
120.856229496	24.7249713893
120.856229496	24.7199969482
120.855390249	24.71918822
120.855451286	24.7158007172
120.854551003	24.71497673
120.854551003	24.7124742504
120.853757534	24.7116350042
120.853696498	24.7066605631
120.855420768	24.7049668116
120.854169528	24.7037460899
120.853299763	24.7037155718
120.851667048	24.7021133745
120.850827802	24.7020828565
120.849973297	24.7012283513
120.849134051	24.7011978332
120.846662089	24.6987716487
120.845807584	24.6987563897
120.84414435	24.6970626383
120.843335622	24.6970626383
120.842893111	24.6966353857
120.842923629	24.6957808804
120.842465858	24.695445182
120.841672389	24.6954146639
120.83666743	24.6904097047
120.835828183	24.6904097047
120.83541619	24.6899977111
120.835355154	24.6891432059
120.834195468	24.6879224842
120.833325704	24.6879224842
120.832883192	24.6874494545
120.832883192	24.6866407263
120.832532235	24.6862439918
120.831631952	24.6862287327
120.830365454	24.684992752
120.830365454	24.6841382467
120.830029755	24.6837262531
120.829190509	24.6837262531
120.828778515	24.6832990005
120.828686961	24.6825055314
120.828336004	24.6820630198
120.827557794	24.6820325017
120.824551766	24.6791943236
120.824582284	24.6774700542
120.824979019	24.6770885786
120.827466239	24.6770580606
120.828305486	24.6761882963
120.829144732	24.6762188144
120.829938201	24.6753643091
120.830838483	24.6753948272
120.831631952	24.6762493324
120.832028687	24.6758678569
120.832089723	24.672465095
120.833356222	24.6712291142
120.835812924	24.6712748913
120.83666743	24.6720836194
120.837476158	24.6720225834
120.840833143	24.6754100862
120.841641871	24.6753643091
120.8421149	24.6749675746
120.837079423	24.6699778744
120.837048905	24.668299382
120.838300145	24.6670634012
120.839139391	24.6670786603
120.840024414	24.666224155
120.846662089	24.6662546731
120.847562371	24.6670786603
120.850003815	24.6670634012
120.850812543	24.6679179065
120.851697566	24.6678873884
120.852048524	24.6675059129
120.850812543	24.666193637
120.850003815	24.666193637
120.849134051	24.6654459449
120.847501335	24.6654154269
120.846631571	24.6645609216
120.844998856	24.6645761807
120.843335622	24.6628824292
120.842465858	24.6629434653
120.841672389	24.6620584421
120.840863661	24.6620584421
120.839993896	24.6612497139
120.835004196	24.6662851911
120.834195468	24.6662546731
120.833310445	24.6671091783
120.83166247	24.6670786603
120.830029755	24.6687724117
120.828305486	24.6687571527
120.827466239	24.6696116579
120.810833906	24.6695811398
120.809994659	24.6687266346
120.80920119	24.6686961166
120.808392462	24.6695506218
120.807476921	24.6695353628
120.806637675	24.670389868
120.805828946	24.67035935
120.804974441	24.6695506218
120.799938964	24.6695353628
120.799145495	24.6687266346
120.797558556	24.6686961166
120.796673533	24.6678873884
120.795834287	24.6679484245
120.794964523	24.6670634012
120.791668574	24.6670634012
120.790783551	24.666193637
120.78330663	24.6662546731
120.78252842	24.6653849088
120.778362707	24.6654459449
120.777447166	24.6645609216
120.775860227	24.6645304036
120.774975204	24.6637216754
120.774135958	24.6637216754
120.772915236	24.6625009537
120.772915236	24.6616464485
120.767940795	24.6566872663
120.767910277	24.6549782559
120.76333257	24.6504158083
120.762478065	24.6504158083
120.760418097	24.6483405814
120.760418097	24.6474708171
120.760021363	24.6470588235
120.759166857	24.6471046006
120.758693828	24.6466315709
120.758724346	24.6458381018
120.758358129	24.6454108492
120.757473106	24.6454108492
120.756252384	24.6441443503
120.756191348	24.6433356222
120.754528115	24.6416418708
120.754558633	24.6408331426
120.752895399	24.6391393912
120.752895399	24.638300145
120.752117189	24.6374761578
120.752086671	24.6316929885
120.751277943	24.6308079652
120.751216907	24.629938201
120.749584192	24.6283360037
120.749584192	24.6249942779
120.751659419	24.6229190509
120.753307393	24.6229495689
120.75413138	24.6220798047
120.755001144	24.6221103227
120.755840391	24.6212558175
120.756694896	24.6212710765
120.758312352	24.6195773251
120.759197375	24.6195773251
120.759578851	24.6191348135
120.759578851	24.6183260853
120.759975586	24.6178835737
120.760784314	24.6178835737
120.766674296	24.6120851453
120.775005722	24.6120851453
120.775387198	24.6116426337
120.775005722	24.6112153811
120.771633478	24.6112153811
120.770840009	24.610421912
120.764141299	24.6103608759
120.763363088	24.6112153811
120.76255436	24.6112001221
120.761669337	24.6120546273
120.760830091	24.6120241093
120.757503624	24.6154421302
120.752498665	24.6154116121
120.751659419	24.6161898222
120.750835431	24.6162508583
120.749965667	24.6153963531
120.745784695	24.6154116121
120.744975967	24.6145571069
120.743389029	24.6145876249
120.742504005	24.6137178607
120.740886549	24.6136873426
120.740001526	24.6129396506
120.739192798	24.6129243915
120.738307774	24.6120546273
120.737529564	24.6120851453
120.736644541	24.6112153811
120.735027085	24.6112001221
120.732478828	24.6137483787
120.731639582	24.6137178607
120.730800336	24.6145876249
120.730006867	24.6145571069
120.72916762	24.6137483787
120.726604105	24.6137483787
120.725825895	24.6128938735
120.724132143	24.6129243915
120.723338674	24.6120546273
120.722529946	24.6120241093
120.721660182	24.6112153811
120.719142443	24.6112458991
120.718333715	24.6103608759
120.716639963	24.610421912
120.715007248	24.6087281605
120.714106966	24.6087434195
120.71294728	24.6074769207
120.712886244	24.604165713
120.710414282	24.6016632334
120.7104448	24.6
120.708751049	24.5983062486
120.708751049	24.5974975204
120.707087816	24.595803769
120.70702678	24.5949492638
120.706248569	24.5941405356
120.706279088	24.5933318074
120.705394064	24.5924773022
120.705394064	24.591668574
120.704615854	24.5907835508
120.704615854	24.5900053407
120.703776608	24.5891660945
120.703715572	24.5875028611
120.702922103	24.5866330968
120.702922103	24.5841611353
120.702113375	24.58330663
120.702052338	24.5824979019
120.70124361	24.5816128786
120.70124361	24.5783016709
120.702922103	24.5766689555
120.702479591	24.5762569619
120.701670863	24.5762569619
120.700801099	24.5754177157
120.70000763	24.5754177157
120.69875639	24.5741359579
120.698725872	24.5724727245
120.697886625	24.5716639963
120.697917144	24.5708552682
120.697077897	24.5699702449
120.697108415	24.5691157397
120.696223392	24.5683070115
120.69625391	24.5674372473
120.695445182	24.5666895552
120.695445182	24.56583505
120.694605936	24.5649500267
120.694575418	24.5633020523
120.692942702	24.561669337
120.692942702	24.5607995727
120.692057679	24.5600061036
120.692088197	24.5583276112
120.691218433	24.557503624
120.691248951	24.5566338598
120.690394446	24.5558403906
120.690394446	24.5549706264
120.6895552	24.5541618982
120.6895552	24.553307393
120.688746471	24.5524681468
120.688776989	24.5508354314
120.687922484	24.5499504082
120.687937743	24.54914168
120.687083238	24.5483329519
120.687083238	24.5466697185
120.686243992	24.5457999542
120.68627451	24.5441367208
120.685420005	24.5433279927
120.685389487	24.5408102541
120.684534981	24.5399710079
120.684611276	24.5374685283
120.68377203	24.5366445411
120.683726253	24.5357747768
120.682917525	24.5349660487
120.682948043	24.5307850767
120.682108797	24.5299763485
120.682108797	24.5266346227
120.681223774	24.5258258946
120.681254292	24.5249713893
120.680445563	24.5241626612
120.680384527	24.5233081559
120.679575799	24.5224689097
120.67956054	24.5208056764
120.677882048	24.519142443
120.677912566	24.5174792096
120.677058061	24.5166704814
120.677088579	24.515007248
120.676249332	24.5141680018
120.676218814	24.5124437324
120.675394827	24.5116350042
120.675440604	24.5091630426
120.674586099	24.5083085374
120.674555581	24.506645304
120.673777371	24.5058365759
120.673701076	24.5049668116
120.672053101	24.5032730602
120.672083619	24.5016708629
120.669550622	24.4991073472
120.66958114	24.4982986191
120.6683299	24.4970321202
120.667475395	24.4970778973
120.667032883	24.4966659037
120.667063401	24.4958113985
120.664194705	24.4928816663
120.6633402	24.4928816663
120.660395209	24.4899671931
120.660440986	24.489173724
120.660776684	24.4887769894
120.662470436	24.4887464714
120.663279164	24.4895551995
120.667521172	24.4895551995
120.667917906	24.4891126879
120.667505913	24.4887464714
120.664194705	24.4887159533
120.663309682	24.4878919661
120.662500954	24.4878919661
120.66083772	24.4862439918
120.659937438	24.4862439918
120.659174487	24.4853589685
120.657465476	24.4853894865
120.653772793	24.4816662852
120.653727016	24.48081178
120.652948806	24.4800030518
120.65288777	24.4791332876
120.65210956	24.4783398184
120.652048524	24.476661326
120.651255055	24.4757763027
120.651285573	24.4749675746
120.650415808	24.4741741054
120.650354772	24.4733043412
120.649561303	24.472495613
120.649576562	24.4716411078
120.647913329	24.4699931334
120.647882811	24.4691386282
120.646250095	24.4674448768
120.646250095	24.4650034333
120.646631571	24.4645304036
120.647531853	24.4645609216
120.647913329	24.4641641871
120.647470817	24.4637521935
120.646662089	24.4637216754
120.645807584	24.4629129473
120.642496376	24.4629129473
120.640833143	24.4612191958
120.639948119	24.4612191958
120.639139391	24.4604104677
120.638330663	24.4603952087
120.63494316	24.4570840009
120.63416495	24.4570534829
120.633279927	24.4562447547
120.632471199	24.4562294957
120.632089723	24.4558327611
120.632059205	24.4549782559
120.631616693	24.4545510033
120.630807965	24.4546120394
120.62792401	24.4516365301
120.627862974	24.4508278019
120.624979019	24.4478675517
120.624170291	24.4479133288
120.621637293	24.4453955901
120.619134813	24.4453650721
120.617914092	24.4441443503
120.617914092	24.4408026246
120.617059586	24.4399938964
120.617059586	24.4391393912
120.616632334	24.4387273976
120.614999619	24.4386968795
120.614145113	24.4378881514
120.613336385	24.4378881514
120.612497139	24.4370489052
120.611673152	24.4371099413
120.609552148	24.4350041962
120.609582666	24.434134432
120.608728161	24.4333257038
120.608773938	24.4282749676
120.608331426	24.4279392691
120.607507439	24.4279240101
120.606225681	24.4266422522
120.606256199	24.4258335241
120.602471962	24.4220492866
120.601617456	24.4220492866
120.600808728	24.4212252995
120.6	24.4212710765
120.597940032	24.4191653315
120.597894255	24.417441062
120.597085527	24.4166323339
120.597055009	24.4157778286
120.59797055	24.4149996185
120.59749752	24.4145876249
120.59671931	24.4145876249
120.595864805	24.4154116121
120.591668574	24.4154116121
120.591226062	24.4149996185
120.59125658	24.4141451133
120.592111086	24.4133058671
120.592111086	24.4124971389
120.590005341	24.4103913939
120.589196612	24.410437171
120.588754101	24.4099794003
120.588723583	24.4091096361
120.590829328	24.4070801862
120.593331807	24.4070496681
120.594140536	24.4062256809
120.594964523	24.4062256809
120.59671931	24.4046082246
120.59749752	24.4045624475
120.598336767	24.4036926833
120.599145495	24.4037232013
120.600442512	24.4024719615
120.6	24.402090486
120.598367285	24.402059968
120.597467002	24.4028839551
120.596673533	24.4028839551
120.594995041	24.4045777066
120.594201572	24.4045624475
120.593331807	24.4054169528
120.589974823	24.4054169528
120.588754101	24.4041351949
120.588723583	24.4016632334
120.588311589	24.4011902037
120.587502861	24.4012512398
120.586617838	24.4004119936
120.58580911	24.4004119936
120.584145876	24.3987182422
120.583337148	24.3987182422
120.58127718	24.3966124971
120.58127718	24.3941405356
120.58205539	24.3933012894
120.582116426	24.391638056
120.581673915	24.3912260624
120.580773632	24.3912260624
120.58002594	24.3904173342
120.579110399	24.3903868162
120.577889677	24.3891660945
120.577859159	24.3866330968
120.578332189	24.3862516213
120.583337148	24.3862211032
120.584145876	24.3854123751
120.585778592	24.385381857
120.586663615	24.3845578698
120.587502861	24.3845578698
120.587884337	24.3841611353
120.587502861	24.3837491417
120.58580911	24.3837186236
120.584969863	24.3845883879
120.582497902	24.3845273518
120.581643397	24.385381857
120.579140917	24.385381857
120.578301671	24.3845273518
120.574975204	24.3845883879
120.574532692	24.3841153582
120.57457847	24.3825284199
120.574166476	24.3820553902
120.569161517	24.3820859083
120.566720073	24.3795223926
120.565804532	24.3795834287
120.565392538	24.3791714351
120.565423056	24.3774471656
120.56661326	24.3761959258
120.569192035	24.3762569619
120.569970245	24.3770504311
120.571663996	24.377035172
120.574196994	24.3795834287
120.57457847	24.3791409171
120.57457847	24.3757991913
120.575860227	24.3745784695
120.576668956	24.3745326925
120.577050431	24.3741359579
120.575387198	24.3724422065
120.575417716	24.3716334783
120.574975204	24.3712214847
120.574166476	24.3712214847
120.571663996	24.3687190051
120.570840009	24.3686884871
120.569192035	24.3670862898
120.566689555	24.3670862898
120.563729305	24.3641718166
120.563729305	24.3633020523
120.562890059	24.3624475471
120.562890059	24.361638819
120.557915618	24.3566338598
120.557946136	24.3558403906
120.557106889	24.3549401083
120.557137407	24.3541618982
120.556252384	24.353337911
120.556221866	24.3516594186
120.555840391	24.3512779431
120.555031662	24.351247425
120.553719387	24.3499656672
120.553719387	24.3408102541
120.552056153	24.3391622797
120.552086671	24.3383077745
120.54711223	24.3333028153
120.547051194	24.3324940871
120.546196689	24.331700618
120.546227207	24.3308308537
120.545418479	24.3300068666
120.545418479	24.3274738689
120.544548714	24.3266651408
120.544533455	24.3241321431
120.543755245	24.323338674
120.543801022	24.3216601816
120.542915999	24.3208056764
120.542915999	24.3174792096
120.542061494	24.3166704814
120.542076753	24.3116655222
120.541222248	24.310811017
120.541222248	24.3083390555
120.540413519	24.3075303273
120.540367742	24.3066605631
120.539589532	24.3058365759
120.539589532	24.3
> Shore Bin # 23521, Level 1
121.757026039	24.3
121.757442588	24.3004196231
121.758312352	24.3004196231
121.758754864	24.3008316167
121.758724346	24.3016403449
121.762890059	24.3058060578
121.762951095	24.306645304
121.767025254	24.310811017
121.76708629	24.3241626612
121.766201266	24.3249713893
121.766216526	24.3283131151
121.765423056	24.3291371023
121.765392538	24.3324788281
121.764553292	24.3333333333
121.76458381	24.3374685283
121.765392538	24.3383382925
121.765423056	24.3416342412
121.766216526	24.3424734874
121.766216526	24.3441062028
121.76708629	24.3450064851
121.767055772	24.3466697185
121.7678645	24.3474784466
121.7678645	24.3483329519
121.768749523	24.34914168
121.768688487	24.3508659495
121.769588769	24.3516594186
121.769558251	24.3524681468
121.770382238	24.353337911
121.770443275	24.3541313802
121.771252003	24.3550011444
121.771252003	24.3566643778
121.772884718	24.3583276112
121.772884718	24.3591363394
121.773754482	24.3600061036
121.773754482	24.3607995727
121.77456321	24.3616083009
121.77456321	24.3624780652
121.775417716	24.3633020523
121.775387198	24.3650263218
121.776272221	24.36583505
121.776256962	24.3674982834
121.777050431	24.3683070115
121.777050431	24.3691615167
121.777920195	24.370031281
121.777920195	24.3708400092
121.778728923	24.3716334783
121.778698405	24.3733119707
121.779583429	24.3741664759
121.779583429	24.3749752041
121.780361639	24.3757839322
121.780392157	24.3791714351
121.78127718	24.3799649042
121.781216144	24.3891355764
121.782085908	24.3900053407
121.781994354	24.4
121.782894636	24.4008087282
121.782909895	24.4041351949
121.783718624	24.4050049592
121.783749142	24.408331426
121.78455787	24.4091401541
121.78455787	24.4116426337
121.785381857	24.4124666209
121.785381857	24.4149691005
121.786160067	24.4158541238
121.786221103	24.417441062
121.787075608	24.4183260853
121.787075608	24.4200045777
121.787914855	24.4208590829
121.787945373	24.4224765393
121.788754101	24.4233310445
121.788723583	24.4241397726
121.789578088	24.4249942779
121.789578088	24.4266727703
121.790417334	24.4274662394
121.790417334	24.4283360037
121.79125658	24.4291447318
121.79125658	24.429999237
121.79205005	24.4308079652
121.792034791	24.4316166934
121.793728542	24.4333257038
121.793728542	24.434134432
121.794583047	24.4350041962
121.794583047	24.4358129244
121.802471962	24.4437170977
121.803326467	24.4437476158
121.807049668	24.4475013352
121.807049668	24.4483100633
121.807919432	24.4491035325
121.807888914	24.4499732967
121.814557107	24.4566720073
121.814587625	24.4591439689
121.813748379	24.4599984741
121.813717861	24.4625314717
121.816632334	24.4654154269
121.81747158	24.4654154269
121.818326085	24.466224155
121.81997406	24.4662546731
121.820828565	24.4670634012
121.822476539	24.4670634012
121.823285267	24.4679179065
121.824170291	24.4679484245
121.825833524	24.4695506218
121.826642252	24.4695506218
121.827084764	24.4700236515
121.827054246	24.4708323796
121.827527276	24.4712291142
121.828305486	24.4712291142
121.834134432	24.4770885786
121.834973678	24.4770885786
121.835828183	24.4778820478
121.839169909	24.4779125658
121.839978637	24.478721294
121.841641871	24.478721294
121.842465858	24.4796063172
121.843305104	24.4796063172
121.84414435	24.4804150454
121.845838102	24.4803540093
121.846631571	24.4812542916
121.847531853	24.4812542916
121.848340581	24.4820630198
121.849134051	24.4812542916
121.849973297	24.4812542916
121.850782025	24.4804150454
121.85413901	24.4803845274
121.855420768	24.4816357671
121.855420768	24.4832990005
121.854581521	24.4841687648
121.854551003	24.48502327
121.854169528	24.4854200046
121.845807584	24.4853589685
121.844556344	24.4866712444
121.844556344	24.4874647135
121.843747616	24.4883344778
121.843747616	24.4891432059
121.844586862	24.4899977111
121.844586862	24.4958266575
121.840863661	24.4995498589
121.839948119	24.4995803769
121.839139391	24.4987258717
121.836636912	24.4986953536
121.835828183	24.4995498589
121.834973678	24.4995498589
121.834103914	24.5004196231
121.833310445	24.5003891051
121.832104982	24.5016708629
121.832089723	24.5033035782
121.831189441	24.5041733425
121.831189441	24.5182726787
121.832059205	24.519142443
121.832059205	24.5199969482
121.833310445	24.5212176699
121.834195468	24.5212176699
121.83588922	24.5228961624
121.837506676	24.5229114214
121.838300145	24.5237201495
121.839993896	24.5237201495
121.840833143	24.5245593957
121.842496376	24.5245593957
121.84336614	24.525413901
121.845807584	24.5253833829
121.846616312	24.5262531472
121.849225605	24.5262836652
121.850812543	24.5278858625
121.851697566	24.5278858625
121.853284504	24.5295796139
121.860028992	24.5295490959
121.860807202	24.5303578241
121.86161593	24.5303883421
121.862058442	24.5308308537
121.862058442	24.5316395819
121.863279164	24.5329213397
121.864164187	24.5329213397
121.866224155	24.5349965667
121.866224155	24.5366598001
121.867063401	24.5374685283
121.867063401	24.5383382925
121.866254673	24.5391317617
121.866224155	24.5408560311
121.865384909	24.5416342412
121.865415427	24.5458304723
121.866224155	24.5466392004
121.866285191	24.5499656672
121.865384909	24.5508354314
121.865354391	24.5524681468
121.863752193	24.5541313802
121.863752193	24.5550011444
121.862882429	24.5558098726
121.862882429	24.5624933242
121.863721675	24.5633020523
121.863721675	24.5708400092
121.862882429	24.5716639963
121.862912947	24.5733272297
121.862104219	24.5741359579
121.86208896	24.5766689555
121.862882429	24.5774776837
121.862882429	24.5783321889
121.864194705	24.5795529107
121.867505913	24.5795529107
121.868299382	24.5804379339
121.871641108	24.5803921569
121.872114137	24.5808041505
121.872083619	24.5824673838
121.870893416	24.5837186236
121.869977874	24.5837186236
121.868284123	24.5854123751
121.867521172	24.5854123751
121.865354391	24.587472343
121.865415427	24.5891966125
121.865003433	24.589578088
121.862531472	24.589562829
121.862027924	24.5891660945
121.862027924	24.5883115892
121.862912947	24.5875028611
121.862912947	24.5866330968
121.863752193	24.5857785916
121.863752193	24.5833371481
121.8633402	24.5828641184
121.862439918	24.5829098955
121.86208896	24.58330663
121.862058442	24.5849698634
121.860807202	24.5862211032
121.859967956	24.5862211032
121.859174487	24.5870756085
121.858274205	24.5870603494
121.857892729	24.587472343
121.857892729	24.5883268482
121.853727016	24.5924773022
121.853727016	24.5932707713
121.852918288	24.5941405356
121.852918288	24.5949950408
121.852048524	24.595803769
121.852048524	24.5966735332
121.851224537	24.5974975204
121.851255055	24.6025024796
121.854169528	24.6053864347
121.854978256	24.6053864347
121.855863279	24.6061951629
121.858304723	24.6062256809
121.859174487	24.6070801862
121.86161593	24.6070496681
121.864133669	24.6045624475
121.869977874	24.6045777066
121.871244373	24.6033264668
121.87035935	24.6024719615
121.870389868	24.6016632334
121.870801862	24.6012817578
121.871641108	24.6012207218
121.872465095	24.6004119936
121.874174105	24.6004425116
121.875028611	24.6012512398
121.877470054	24.6011902037
121.877912566	24.6016632334
121.877866789	24.6066681926
121.877470054	24.6070496681
121.873365377	24.6070801862
121.872465095	24.6078583963
121.871641108	24.6078583963
121.870801862	24.6087281605
121.869138628	24.6087281605
121.867475395	24.610421912
121.866666667	24.610421912
121.865781643	24.6112001221
121.862531472	24.6112458991
121.861646448	24.6120851453
121.860028992	24.6120851453
121.859174487	24.6128938735
121.858304723	24.6128633555
121.852079042	24.6191958495
121.852079042	24.6200045777
121.849561303	24.6225070573
121.849561303	24.6233005264
121.847882811	24.6249942779
121.847882811	24.625803006
121.846250095	24.6274662394
121.846250095	24.6283054856
121.845410849	24.6291599908
121.84539559	24.6308384833
121.844586862	24.6316319524
121.844586862	24.6325017166
121.843747616	24.6332799268
121.843747616	24.634134432
121.842923629	24.6350041962
121.842923629	24.6358129244
121.842023346	24.6366674296
121.842084382	24.6391088731
121.841245136	24.6399786374
121.841214618	24.6408331426
121.840421149	24.6416418708
121.840390631	24.642496376
121.839612421	24.6433661402
121.839551385	24.6449378195
121.838742657	24.6458075837
121.838727398	24.646662089
121.837918669	24.6474708171
121.837888151	24.6491950866
121.837048905	24.6499732967
121.837048905	24.6516365301
121.836224918	24.6525062943
121.836224918	24.655024033
121.835385672	24.6558022431
121.835355154	24.6574654765
121.83463798	24.6583352407
121.834576944	24.6608072023
121.833722438	24.6616617075
121.833752956	24.6641641871
121.83291371	24.6649729152
121.832883192	24.668299382
121.832059205	24.6691386282
121.832059205	24.6758068208
121.831280995	24.676661326
121.831280995	24.680827039
121.830441749	24.6816357671
121.830395972	24.6866407263
121.829556725	24.6874647135
121.829587243	24.6924696727
121.828686961	24.6933394369
121.828717479	24.6957808804
121.829556725	24.6966659037
121.829556725	24.7033035782
121.828717479	24.7041733425
121.828717479	24.7050278477
121.82745098	24.7062180514
121.826642252	24.7062180514
121.825833524	24.7053940642
121.824994278	24.7053940642
121.824551766	24.7058670939
121.824551766	24.7124437324
121.823300526	24.7137560082
121.820782788	24.7137254902
121.81997406	24.7145799954
121.814938582	24.7145494774
121.814114595	24.7153887236
121.810772869	24.7153582055
121.8099794	24.7162279698
121.807522698	24.7162279698
121.806256199	24.7174792096
121.806607156	24.7179217212
121.811642634	24.7179217212
121.812466621	24.717051957
121.81669337	24.7170214389
121.817502098	24.7162279698
121.820828565	24.7161974517
121.821255818	24.7166704814
121.821255818	24.7175249866
121.821606775	24.7179217212
121.824994278	24.7178912032
121.825391012	24.7183031968
121.82542153	24.7208361944
121.824612802	24.7216601816
121.824582284	24.7224689097
121.822049287	24.7249713893
121.822049287	24.7258258946
121.821225299	24.7266346227
121.821225299	24.727504387
121.820416571	24.7283588922
121.820416571	24.7291676204
121.819562066	24.7299458305
121.819607843	24.7324788281
121.81872282	24.7333333333
121.81872282	24.7341878386
121.817883574	24.7349660487
121.817883574	24.7357747768
121.817059586	24.7366445411
121.817105364	24.7374990463
121.81622034	24.7383077745
121.816189822	24.7400320439
121.815396353	24.7408102541
121.815411612	24.7424734874
121.814618143	24.7433279927
121.814557107	24.7474479286
121.813717861	24.7483024338
121.813717861	24.7549706264
121.812924392	24.7558098726
121.812893874	24.7641412985
121.812085145	24.7649652857
121.812085145	24.7983062486
121.812939651	24.7991607538
121.812924392	24.8008392462
121.813717861	24.8016327153
121.813717861	24.8099946593
121.814587625	24.8108339055
121.814557107	24.8158083467
121.815411612	24.8166170748
121.815396353	24.8191348135
121.816189822	24.8200045777
121.81622034	24.8233310445
121.817029068	24.8241397726
121.817090105	24.8274662394
121.817975128	24.8283360037
121.81794461	24.8308079652
121.81872282	24.8316166934
121.818692302	24.8350041962
121.819562066	24.8358129244
121.819562066	24.8374761578
121.820355535	24.838330663
121.820416571	24.8416723888
121.821271077	24.8424658579
121.821255818	24.8441443503
121.822049287	24.8449988556
121.822110323	24.846662089
121.822919051	24.8474708171
121.822919051	24.8491340505
121.823773556	24.8500038148
121.823743038	24.8524757763
121.824551766	24.8533302815
121.824521248	24.8549935149
121.82542153	24.8558022431
121.825391012	24.8574654765
121.826199741	24.8583352407
121.826199741	24.8599984741
121.827054246	24.8608072023
121.827054246	24.8616617075
121.827862974	24.8624704356
121.82792401	24.864133669
121.828717479	24.8650034333
121.828717479	24.8658121614
121.829587243	24.8666056306
121.829556725	24.8683299001
121.830395972	24.8691386282
121.830365454	24.8699931334
121.832059205	24.8716105898
121.832028687	24.872465095
121.833752956	24.8741741054
121.833752956	24.8750286107
121.834576944	24.8758373388
121.834576944	24.876646067
121.835385672	24.8775005722
121.835385672	24.8783093004
121.838742657	24.8816662852
121.838742657	24.8824444953
121.840421149	24.8841382467
121.840421149	24.884992752
121.841214618	24.8858014801
121.841214618	24.8866712444
121.844586862	24.8899366751
121.844586862	24.8908064393
121.846616312	24.8928816663
121.847501335	24.8928816663
121.848310063	24.8937209125
121.849134051	24.8937209125
121.850003815	24.8945754177
121.850812543	24.8945754177
121.851667048	24.8953841459
121.852445258	24.8954146639
121.854993515	24.8978866255
121.855832761	24.8978866255
121.856198978	24.8982986191
121.856244755	24.8991683833
121.857892729	24.9008316167
121.857892729	24.9016403449
121.858716716	24.902449073
121.858716716	24.9033035782
121.859967956	24.9045853361
121.86161593	24.9045243
121.862500954	24.9054245823
121.863279164	24.9054245823
121.864164187	24.9062180514
121.865003433	24.9062180514
121.865354391	24.906645304
121.865415427	24.9074998093
121.86582742	24.9078965438
121.866666667	24.9078965438
121.871229114	24.9124742504
121.871274891	24.9133287556
121.872449836	24.9145342184
121.873365377	24.9145494774
121.874143587	24.9154192416
121.875028611	24.9154192416
121.877882048	24.9183031968
121.877866789	24.9199664302
121.878751812	24.9208361944
121.878690776	24.9249713893
121.881193256	24.927504387
121.881254292	24.9299763485
121.880445563	24.9308308537
121.880384527	24.9341420615
121.881254292	24.9349660487
121.881254292	24.9358358129
121.88580148	24.9403830014
121.886686503	24.9403830014
121.887495232	24.9411917296
121.889143206	24.9412222477
121.890028229	24.9420767529
121.896665904	24.9420767529
121.897138933	24.9424734874
121.897077897	24.9433279927
121.897917144	24.9441367208
121.897886625	24.9457999542
121.898725872	24.9466086824
121.89875639	24.9483329519
121.899107347	24.9487449454
121.90000763	24.9487449454
121.900801099	24.9495536736
121.902449073	24.9495841917
121.903364614	24.9503929198
121.904142824	24.9503929198
121.905836576	24.9520561532
121.906645304	24.9520561532
121.907530327	24.9528953994
121.908339055	24.9528953994
121.909132525	24.9537499046
121.909941253	24.9537499046
121.910826276	24.9545586328
121.911635004	24.9545586328
121.912077516	24.9549706264
121.912077516	24.9558403906
121.912916762	24.9566338598
121.91294728	24.9591668574
121.913756008	24.9599755856
121.91372549	24.9608300908
121.917021439	24.9641412985
121.917082475	24.9657740139
121.920393683	24.9691462577
121.920393683	24.970000763
121.920836194	24.9704127565
121.921644923	24.9704127565
121.922529946	24.9712214847
121.923338674	24.9712214847
121.925825895	24.9737850004
121.927534905	24.9737239643
121.928328374	24.9745326925
121.932494087	24.9745632105
121.933394369	24.9754177157
121.935835813	24.9753871977
121.936614023	24.9762569619
121.937499046	24.9762569619
121.940001526	24.9787441825
121.940810254	24.9787441825
121.942504005	24.9804226749
121.945784695	24.9803921569
121.947081712	24.9816739147
121.947081712	24.9825284199
121.947493706	24.9829098955
121.949172198	24.9828946365
121.950835431	24.9845578698
121.95164416	24.9845578698
121.952559701	24.985366598
121.955001144	24.985381857
121.955809873	24.9845273518
121.958327611	24.9845578698
121.959136339	24.9854123751
121.960830091	24.9854123751
121.962493324	24.9871061265
121.963363088	24.9871061265
121.964141299	24.9879148547
121.965774014	24.9878538186
121.969146258	24.9912260624
121.969970245	24.9912260624
121.971221485	24.9924925612
121.971190967	24.9933623255
121.971633478	24.993743801
121.976699474	24.993728542
121.978744182	24.995803769
121.978728923	24.9966735332
121.979140917	24.9970855268
121.979964904	24.9970855268
121.98080415	24.997894255
121.981673915	24.997894255
121.982467384	24.9987792782
121.98330663	24.9987792782
121.984512093	25
> Shore Bin # 23521, Level 1
121.013794156	25
121.012085145	24.9983062486
121.012024109	24.9974364843
121.012466621	24.9970550088
121.013336385	24.9970550088
121.014145113	24.997940032
121.014587625	24.9974670024
121.014557107	24.9966124971
121.010421912	24.9924925612
121.010421912	24.9899748226
121.010833906	24.989578088
121.011673152	24.989532311
121.012085145	24.9891355764
121.012024109	24.9883268482
121.011245899	24.987472343
121.011245899	24.9866636149
121.010421912	24.9858396277
121.010421912	24.9849698634
121.009582666	24.9841611353
121.009552148	24.9783321889
121.00874342	24.9774471656
121.008697642	24.9766384375
121.00794995	24.9758297093
121.007858396	24.9749752041
121.006256199	24.9732814527
121.006195163	24.9725032425
121.000015259	24.9662775616
121	24.9662623026
