      lon        lat       Ve       Vn        Se       Sn      Cen     site
   241.46038   34.40677  -26.560   24.033    4.079    2.670   0.0385  0704_GPS
   242.89608   34.02194  -21.625   17.881    4.413    4.006  -0.2114  0818_GPS
   245.29603   32.74605    0.290    3.247    4.831    4.354   0.2601  1105_GPS
   242.72360   33.12902  -27.436   26.497    4.849    4.508  -0.1768  1107_GPS
   243.75336   33.15942  -22.156   23.456    0.738    0.719  -0.0546  1109_GPS
   244.11235   33.17665  -13.974   13.636    1.069    0.948   0.0116  1110_GPS
   243.15988   34.51599  -17.639   12.842    1.366    1.223  -0.0115  6052_GPS
   243.28426   34.67627  -17.196    6.921    1.016    0.898   0.0174  7000_GPS
   243.53066   34.56011   -8.919   -3.783    1.403    1.222  -0.0173  7001_GPS
   244.39072   33.02996   -5.297   11.403    0.668    0.703  -0.0977  ACUT_GPS
   239.54737   35.55121  -24.464   30.566    0.924    0.784   0.0791  ALMO_GPS
   242.32525   34.24819  -22.080   18.384    1.619    1.805   0.0723  ANTO_GPS
   243.33840   33.55571  -18.611   24.455    1.370    1.268  -0.0330  ANZA_GPS
   241.16969   34.15744  -29.250   29.915    0.687    0.648   0.0166  AOA1_GPS
   244.75414   32.62925   -5.207    7.092    0.741    0.680  -0.0339  ASA1_GPS
   242.10352   34.12602  -28.041   21.147    3.473    3.485  -0.0612  AZU1_GPS
   242.60625   34.46227  -18.391   13.845    1.557    1.518  -0.0747  BALD_GPS
   243.11582   34.26403  -15.395   25.161    1.122    0.971  -0.0371  BEAR_GPS
   242.52057   33.52272  -25.674   29.206    3.663    3.868  -0.0553  BELA_GPS
   239.64869   35.74565  -21.164   28.004    0.862    0.775  -0.0558  BENH_GPS
   243.82497   33.81018   -5.930    7.347    0.789    0.693  -0.0388  BERD_GPS
   244.28010   33.66380   -3.113    1.367    0.620    0.579  -0.0397  BLAC_GPS
   238.71606   35.66391  -26.838   37.193    1.058    0.763   0.0050  BLAN_GPS
   239.16882   35.35810  -28.329   36.003    0.719    0.619  -0.0208  BLHL_GPS
   241.48202   32.92620  -31.865   36.233    1.068    0.857  -0.1095  BLUF_GPS
   245.28504   33.61049   -1.402   -0.137    0.545    0.507  -0.0271  BLYT_GPS
   239.94123   35.41835  -23.072   24.549    1.103    1.038   0.0154  BOB1_GPS
   244.49356   32.66451  -19.597   25.428    0.905    0.885  -0.0469  BORD_GPS
   243.46716   33.77554  -12.424   18.193    0.779    0.805  -0.0411  BOTR_GPS
   241.72295   34.18489  -26.231   23.108    0.696    0.680   0.0124  BRAN_GPS
   241.59575   33.40645  -30.927   34.894    1.155    0.817   0.0138  BRSH_GPS
   243.22460   33.91566  -12.663   20.937    0.712    0.682  -0.0312  CABA_GPS
   243.72646   33.63845  -12.475   14.453    0.737    0.750  -0.0311  CAHU_GPS
   244.49118   33.16898   -1.117   -1.732    0.948    0.921  -0.0070  CALI_GPS
   242.23408   34.22135  -24.691   22.662    4.565    3.291  -0.0010  CAMP_GPS
   239.56934   35.88786  -18.723   29.970    0.542    0.508  -0.0137  CARR_GPS
   241.51700   33.44577  -30.168   32.701    0.845    0.828   0.0257  CAT1_GPS
   241.21480   34.08536  -29.881   30.449    0.881    0.798  -0.0911  CATO_GPS
   240.14908   35.35805  -20.302   19.941    1.202    0.997  -0.0940  CAUV_GPS
   240.24764   33.99425  -29.334   34.987    0.801    0.661   0.0021  CENT_GPS
   240.66958   34.30018  -28.633   28.394    1.203    0.992   0.0184  CHAF_GPS
   243.04825   34.00255  -12.000   19.737    0.907    0.875  -0.0577  CHER_GPS
   241.97401   34.33342  -25.514   24.728    0.611    0.585   0.0009  CHIL_GPS
   243.33262   31.87126  -30.573   30.160    0.681    0.651   0.0028  CICE_GPS
   241.87272   34.13671  -26.119   24.042    0.623    0.598   0.0119  CIT1_GPS
   242.29119   34.10993  -22.169   22.230    0.750    0.717   0.0252  CLAR_GPS
   241.58858   34.35318  -26.994   23.897    0.800    0.772   0.0245  CMP9_GPS
   244.59281   33.19628   -0.853    1.332    0.920    0.766  -0.0370  COAC_GPS
   243.84177   33.74042   -6.967    9.007    0.700    0.715  -0.0319  COCH_GPS
   244.49758   32.82664  -11.926   18.773    0.751    0.735  -0.0377  COLL_GPS
   243.83130   32.46687  -25.612   28.201    1.529    1.470   0.0499  COND_GPS
   242.19111   35.98234   -2.900   14.410    0.756    0.729   0.0323  COSO_GPS
   240.84656   34.11964  -29.334   33.807    1.176    0.993   0.0254  COTR_GPS
   239.77754   35.78775  -13.924   20.238    0.848    0.780  -0.0078  COTT_GPS
   244.77260   34.04043   -0.805   -0.661    1.558    1.434   0.0669  COXO_GPS
   245.06622   32.14299   -6.193    8.061    0.712    0.688  -0.0779  CP13_GPS
   245.08564   32.25130   -5.934    6.856    0.755    0.736  -0.0063  CPEI_GPS
   242.90047   34.03875  -15.873   18.890    0.549    0.520  -0.0148  CRFP_GPS
   242.39515   34.36159  -18.860   18.159    3.704    2.849  -0.0206  CUTT_GPS
   241.60264   34.33399  -26.988   22.720    0.888    0.878  -0.0112  DAM1_GPS
   241.60314   34.33483  -27.459   26.065    0.902    0.895  -0.0106  DAM2_GPS
   244.59953   33.71516   -0.161    1.634    0.844    0.779   0.0149  DESO_GPS
   240.21621   34.02851  -31.497   36.309    0.958    0.762   0.1164  DEVL_GPS
   243.11081   35.42503   -3.020    6.728    0.782    0.654   0.0020  GOLD_GPS
   243.95690   33.39685  -11.601   12.826    1.633    1.360  -0.0127  DSHO_GPS
   243.71952   33.75023  -10.750   12.812    0.746    0.741  -0.0488  DUNP_GPS
   244.40565   32.79951  -17.170   20.725    1.407    1.504  -0.0069  E122_GPS
   241.94545   34.22455  -27.534   24.401    0.938    0.789  -0.0720  ECHO_GPS
   243.56894   33.87009   -8.757   16.646    0.754    0.759  -0.0371  EDOM_GPS
   245.51844   34.04411    0.365   -0.463    1.310    1.187   0.0490  ENDD_GPS
   244.13844   33.17891  -13.976   13.634    1.069    0.948   0.0117  EXTR_GPS
   244.00129   33.97410   -1.419    2.928    0.770    0.746  -0.0733  F726_GPS
   240.60617   35.39832  -12.188   12.747    0.717    0.589  -0.0094  FIBR_GPS
   245.01105   33.60927   -0.900   -2.762    1.424    1.261   0.0184  FORD_GPS
   244.35292   33.36034   -2.790    2.626    0.718    0.698  -0.0192  FRIN_GPS
   241.59259   34.74910  -15.297   21.088    1.656    1.789  -0.0081  FRMT_GPS
   241.03096   34.77520  -23.292   19.996    1.497    1.649   0.0598  FRZ2_GPS
   243.46237   33.89769   -8.659   16.556    1.558    1.234  -0.0397  GARN_GPS
   239.80176   34.50124  -29.897   33.908    1.170    0.811   0.0613  GAVI_GPS
   244.75337   32.83972   -2.418   -2.411    0.735    0.683  -0.0404  GLOC_GPS
   244.06831   34.13646   -1.780   -0.388    1.585    1.429  -0.0279  GODW_GPS
   240.23427   35.41328  -14.628   15.932    1.129    0.938  -0.0856  GOUD_GPS
   244.49912   33.03745   -2.171    2.874    1.235    0.979  -0.0363  HAMA_GPS
   241.15035   34.35751  -26.572   29.725    1.294    1.022  -0.1170  HAPY_GPS
   239.82194   35.68605  -17.905   21.551    0.838    0.741  -0.0399  HATC_GPS
   242.58161   34.94794   -6.759   15.550    2.023    1.390  -0.1210  HAWE_GPS
   243.57919   34.78499   -7.423   -3.194    1.396    1.231  -0.0039  HECT_GPS
   242.82963   34.83332  -14.974   11.548    1.999    2.205  -0.1642  HODG_GPS
   241.13490   34.47736  -23.679   23.704    0.928    0.790  -0.0995  HOPP_GPS
   243.22301   33.79426  -15.456   22.736    2.324    0.845  -0.0290  INDO_GPS
   245.15167   32.50412   -2.438    2.072    1.614    1.604   0.0083  IPE0_GPS
   242.00096   34.07724  -24.383   25.199    2.703    2.150  -0.1366  0702_GPS
   242.50320   34.97697  -11.308   12.336    2.014    1.351  -0.1250  JIMG_GPS
   241.82739   34.20447  -27.846   23.449    0.654    0.587  -0.0212  JPLM_GPS
   241.84649   34.28530  -22.683   22.980    3.002    2.646   0.0051  JSPH_GPS
   244.23579   33.83417   -0.401    2.299    0.764    0.788  -0.0293  JTRE_GPS
   244.93793   32.70921   -0.461    1.223    0.995    1.022   0.0020  JUNC_GPS
   242.81607   34.40102  -23.586   20.505    2.271    2.547  -0.2059  JUNI_GPS
   242.55745   34.03198  -14.598   23.154    3.304    1.677  -0.2401  JUR3_GPS
   244.23914   32.95017  -18.425   25.645    0.919    0.890  -0.0383  L589_GPS
   240.28669   34.49391  -30.522   30.186    0.739    0.615   0.0011  LACU_GPS
   242.64579   33.61965  -25.034   27.369    1.380    1.422   0.0238  LAKE_GPS
   241.94521   33.91620  -27.150   25.533    0.972    0.841  -0.0007  LANW_GPS
   242.05815   33.79236  -27.738   28.933    0.794    0.719  -0.0584  LASE_GPS
   243.48620   34.34378   -4.214   16.352    1.533    1.529  -0.0506  LAZY_GPS
   241.79666   33.78777  -29.738   32.087    0.602    0.581   0.0001  LBCH_GPS
   241.67825   34.13460  -27.563   25.829    0.750    0.722   0.0313  LEEP_GPS
   242.21513   33.82322  -28.412   28.618    3.352    3.903   0.0072  LEMO_GPS
   243.83978   31.25613  -30.147   30.099    0.885    0.794  -0.0552  LLCO_GPS
   241.99659   34.11190  -27.831   27.899    0.751    0.685   0.0105  LONG_GPS
   239.39440   34.89315  -30.676   35.313    0.830    0.631   0.0088  LOSP_GPS
   241.33179   34.49598  -24.013   23.242    1.182    0.954  -0.1773  LOVE_GPS
   244.65733   32.35521  -17.075   27.344    0.700    0.675  -0.0335  LPUR_GPS
   239.93339   35.07511  -27.670   29.989    0.854    0.670  -0.0075  MADC_GPS
   242.56350   33.85630  -23.984   25.539    0.552    0.523  -0.0181  MATH_GPS
   244.75753   31.98796  -23.967   25.467    0.674    0.627  -0.0240  MAYR_GPS
   242.29423   34.74280  -11.407   17.295    1.892    1.249  -0.1377  MDAY_GPS
   242.76861   33.79598  -21.016   25.597    0.950    0.911  -0.0562  METZ_GPS
   243.11190   35.33139   -2.436    8.594    0.716    0.611  -0.0102  MOJM_GPS
   244.92507   32.55865   -3.687    0.455    0.769    0.781  -0.0405  MONT_GPS
   243.57797   32.89149  -25.616   26.163    0.566    0.539  -0.0185  MONP_GPS
   242.31133   34.60800  -12.830   12.830    1.812    2.285  -0.3282  MOOD_GPS
   240.69991   34.63547  -27.756   22.812    1.019    0.889  -0.0126  MUNS_GPS
   244.13819   33.63995   -2.282    2.436    1.094    1.114   0.0253  N125_GPS
   240.04065   35.50344  -15.729   20.580    0.974    0.987   0.0687  NAPO_GPS
   242.00058   34.34571  -24.974   20.126    2.686    2.221  -0.0164  NEST_GPS
   242.27019   33.51405  -28.375   31.013    0.704    0.603  -0.0312  NIGU_GPS
   244.27481   32.64769  -20.798   26.069    0.675    0.644  -0.0490  O225_GPS
   242.40231   33.84689  -21.571   26.932    0.838    0.894  -0.0478  OAKD_GPS
   241.39863   34.32989  -27.159   25.794    0.650    0.607  -0.0042  OAT2_GPS
   244.20409   32.78968  -22.676   25.657    0.661    0.637  -0.0317  OCOT_GPS
   243.99863   32.73337  -25.661   26.681    0.766    0.814  -0.0325  OCTI_GPS
   242.43519   33.37480  -35.796   31.318    3.707    3.507  -0.0292  0301_GPS
   243.29057   34.19238   -7.727   21.666    1.967    1.337  -0.0071  ONYX_GPS
   244.59342   32.91683   -1.807    3.289    0.687    0.670  -0.0360  ORIE_GPS
   240.14669   35.60326  -10.653   14.638    1.223    0.832  -0.0780  P807_GPS
   243.99154   33.61199   -7.809    7.007    0.718    0.729  -0.0279  PAIN_GPS
   245.25304   33.45056    0.023   -4.144    3.450    2.351   0.0728  PAVE_GPS
   243.60997   34.15299    5.538    4.617    1.830    1.466   0.0433  PAXU_GPS
   242.07780   34.51189  -14.508   18.534    1.100    0.871  -0.1088  PEAR_GPS
   246.48038   31.35376   -1.973   -0.182    0.882    0.761   0.0070  PENA_GPS
   241.39918   34.33020  -26.629   26.352    1.119    1.041  -0.0100  PICO_GPS
   243.54204   33.61190  -13.501   18.706    0.703    0.870   0.0029  PIN1_GPS
   242.93214   34.45368  -15.629   15.539    1.663    1.551  -0.0648  POIN_GPS
   241.84280   35.08698  -11.215   13.308    2.362    3.672   0.0127  PORT_GPS
   239.70178   35.34549  -27.036   30.422    0.633    0.576  -0.0161  POZO_GPS
   243.51116   33.83919   -9.671   16.573    0.778    0.786   0.0101  PSAR_GPS
   242.31183   34.12095  -23.125   22.694    0.985    0.836  -0.0273  PSEB_GPS
   241.94714   34.11351  -26.081   23.492    1.738    1.917  -0.0098  PSWB_GPS
   241.19387   34.00108  -29.287   30.975    1.441    1.105  -0.1922  PTDU_GPS
   241.59698   33.74329  -29.827   31.437    0.541    0.515  -0.0180  PVER_GPS
   243.66950   33.81664  -10.102   12.284    1.998    1.564  -0.4199  RAMO_GPS
   244.04231   31.97299  -25.737   26.700    1.540    1.657   0.0694  RAYO_GPS
   239.73988   35.60452  -22.126   26.870    0.700    0.603  -0.0280  REDH_GPS
   243.93930   33.44063  -11.180   15.764    0.707    0.716  -0.0247  ROBO_GPS
   243.39047   33.61071  -16.648   21.516    0.539    0.507  -0.0235  ROCH_GPS
   241.32357   34.23567  -26.648   30.696    0.770    0.745   0.0431  ROCK_GPS
   242.81150   33.50487  -24.339   27.558    1.424    0.980   0.0081  ROSA_GPS
   241.39919   34.33004  -27.158   25.798    0.650    0.607  -0.0042  SAFE_GPS
   242.46539   33.70840  -28.974   26.926    0.801    0.744  -0.0276  SAN1_GPS
   243.72093   34.25498    2.197   11.184    2.954    1.476   0.1488  SAND_GPS
   242.48722   34.01783  -19.947   23.473    3.927    3.552   0.0309  SANO_GPS
   245.19337   30.93009  -30.787   26.005    0.774    0.693  -0.0231  SFBC_GPS
   242.75000   32.86428  -27.830   28.294    0.556    0.525  -0.0226  SIO3_GPS
   244.32247   33.42700   -4.735    2.263    0.723    0.727  -0.0296  SIPH_GPS
   242.18409   33.60174  -31.433   30.764    1.319    1.270  -0.0416  SJOA_GPS
   242.26233   33.91337  -25.889   26.691    0.674    0.621  -0.0331  SJUA_GPS
   244.16558   31.62306  -28.937   30.354    0.980    0.876  -0.0161  SM01_GPS
   240.47564   33.24787  -32.205   35.518    1.586    1.599   0.0230  SNI1_GPS
   240.99087   34.43997  -27.818   24.763    1.306    1.170  -0.1661  SNP2_GPS
   241.00173   34.38743  -28.636   29.068    0.774    0.655   0.0042  SNPA_GPS
   239.89495   33.95026  -31.814   35.507    1.256    0.878   0.2510  SNRI_GPS
   242.11682   34.04215  -27.960   23.972    1.233    0.902  -0.1045  SNTZ_GPS
   243.01925   34.90381  -10.808    8.675    1.383    1.458  -0.0350  SOAP_GPS
   240.65789   34.29786  -30.172   29.681    0.787    0.647   0.0192  SOLI_GPS
   241.64796   33.79625  -28.675   34.287    1.113    1.077   0.0247  SPJ1_GPS
   241.35384   34.05934  -28.571   29.263    1.082    1.057   0.0186  SPK1_GPS
   242.70281   34.74932  -14.266   13.531    1.819    1.849  -0.1424  SUNH_GPS
   245.19495   32.85833   -3.135   -1.814    1.356    1.129  -0.0362  T122_GPS
   242.32172   34.38185  -19.169   20.066    1.039    1.039   0.0055  TABL_GPS
   244.52166   32.88287    1.369    9.929    2.440    1.880  -0.2658  TAMA_GPS
   243.72822   33.88949   -5.325    7.825    0.891    0.888  -0.1250  THOU_GPS
   242.50310   34.13606  -23.250   18.411    1.965    2.279  -0.1817  THRT_GPS
   244.16655   33.42932   -8.168    7.996    0.725    0.714  -0.0130  TRAN_GPS
   240.52167   33.23117  -31.719   36.673    1.036    0.809  -0.0985  TWIN_GPS
   239.98189   35.48757  -19.599   22.473    1.065    0.981   0.0966  TWIS_GPS
   241.55952   34.06824  -26.532   28.122    0.664    0.630   0.0089  UCLA_GPS
   241.71489   34.02395  -27.558   29.527    0.744    0.717   0.0266  USC1_GPS
   243.44252   32.24423  -26.992   29.089    0.891    0.913   0.0110  VA01_GPS
   244.08623   33.50326  -10.909    8.212    0.710    0.698  -0.0273  VARN_GPS
   241.58191   33.97169  -31.008   29.965    1.751    1.718   0.0645  VENI_GPS
   243.81210   33.92625    2.169   14.612    2.291    2.024  -0.0920  VIEW_GPS
   244.75449   32.24463  -18.660   25.411    1.285    1.391   0.0510  VM15_GPS
   239.38443   34.55566  -32.305   36.734    0.687    0.581  -0.0007  VNDN_GPS
   243.84039   33.62781  -14.645   12.380    1.586    1.281  -0.0816  VORO_GPS
   241.92864   33.91435  -27.178   25.205    1.094    0.963  -0.0162  WD11_GPS
   241.96884   33.97988  -27.880   24.762    0.792    0.767   0.0273  WHC1_GPS
   240.98615   35.01035  -18.482   16.614    1.764    1.519   0.1702  WHEE_GPS
   241.96554   33.97381  -24.790   27.950    0.789    0.766   0.0280  WHI1_GPS
   243.59374   33.93131   -7.936   14.554    0.675    0.630  -0.0230  WIDE_GPS
   241.99759   33.99132  -27.936   25.107    0.731    0.672  -0.0350  WORK_GPS
   240.51604   34.85221  -27.639   24.324    1.689    1.349   0.0080  YAM2_GPS
   245.79677   32.93919   -2.513    1.672    1.009    0.820  -0.0644  YUMA_GPS
   242.85574   33.42983  -26.497   26.210    1.495    1.584   0.0722  YUNG_GPS
   243.11081   35.42503   -7.541    5.527    0.507    0.473  -0.0220  GOLD_cLA
   242.58161   34.94794  -12.487   12.304    1.680    1.199  -0.0912  HAWE_cLA
   242.29423   34.74280  -16.139   13.620    1.596    1.277  -0.0184  MDAY_cLA
   243.54204   33.61190  -14.347   18.126    0.527    1.594  -0.0086  PIN1_cLA
   243.72093   34.25498    1.755   -3.600    1.936    1.821  -0.0619  SAND_cLA
   241.82739   34.20447  -25.390   23.355    0.552    0.513  -0.0164  JPLM_cNR
   239.76475   35.18166  -28.523   31.996    1.499    2.341   0.4396  hath_2__
   240.09854   35.13289  -26.220   27.136    1.396    1.507  -0.0495  saltos__
   239.74930   35.07233  -29.985   32.850    1.494    2.491  -0.4729  stanley2
   240.00170   35.12500  -26.755   28.996    1.324    1.192  -0.2143  sycamore
   239.91552   35.18471  -27.460   29.310    1.383    1.079  -0.0038  allen___
   240.04514   35.26075  -25.002   26.610    1.524    1.204  -0.3693  turkey__
   239.56394   35.05974  -31.177   35.183    1.789    4.889  -0.6115  berros__
   240.27567   35.24169  -20.708   19.774    2.009    2.631   0.1886  crocker_
   240.15258   35.24955  -24.077   24.501    1.639    1.224  -0.2071  carrizo_
   240.14946   35.35764  -19.981   20.583    1.205    1.021  -0.1396  cauvel__
   240.19224   35.15306  -24.746   26.428    1.539    1.507   0.0388  painted_
   240.34638   35.44086  -11.946   13.309    3.577    2.338  -0.5711  glo_13__
   240.31857   35.35843  -10.498   16.122    1.426    1.774   0.1247  welport_
   240.68378   34.75668  -25.003   21.355    1.268    1.226   0.1562  apache__
   240.55903   34.62498  -30.011   25.121    1.258    1.351   0.0090  seco____
   240.85507   34.81247  -23.009   20.738    1.155    1.277   0.0560  mt_pinos
   240.87288   34.60596  -29.086   23.441    1.955    1.376  -0.2113  thorn___
   240.40950   34.69042  -29.374   29.001    1.235    1.896   0.0257  madulce2
   240.53384   34.53887  -30.649   25.831    1.336    1.465  -0.2035  monte___
   240.75852   34.49786  -29.078   23.451    1.452    1.288   0.1976  nordhoff
   240.56805   34.95934  -20.269   20.038    1.481    1.376   0.3918  pattiway
   240.28712   34.82235  -28.136   28.168    1.239    1.913   0.3456  salisbur
   240.52533   34.75359  -26.839   24.895    1.208    1.393   0.3042  yam_____
   242.23573   34.35801  -21.045   16.502    1.274    1.669   0.1619  bad_pow_
   241.89537   34.24616  -26.224   20.828    1.233    1.403   0.0474  dispoint
   241.76147   34.26854  -27.741   23.547    1.202    1.328   0.0779  siselsie
   241.42068   34.59516  -23.378   22.831    1.227    1.201   0.2090  warm_spr
   241.72371   34.21491  -27.988   25.086    1.247    2.029  -0.2005  dugo____
   241.80371   34.16312  -29.957   23.004    2.459    1.683   0.3650  flint___
   241.81561   34.38645  -23.945   22.194    1.158    1.355   0.0529  gln_ncer
   241.96580   34.38142  -22.824   19.936    1.141    1.332   0.0257  pacifico
   241.78161   34.45932  -21.631   22.564    1.348    1.370   0.0029  parker__
   241.78483   34.54730  -19.460   22.017    1.224    1.345   0.1327  hauser__
   241.57090   34.35179  -26.180   24.328    1.164    1.597  -0.0106  may_____
   241.25769   34.56719  -25.684   22.540    1.279    1.219   0.1654  whitaker
   241.67069   34.38589  -25.187   24.262    1.137    1.378   0.0665  port____
   239.39570   35.32461  -29.983   32.406    1.080    1.240  -0.2767  airway__
   239.42744   35.45521  -27.001   31.592    0.999    1.157  -0.3147  barren__
   239.30301   35.38522  -28.642   34.591    1.056    1.299  -0.3528  tess____
   239.61915   35.67350  -23.496   30.344    1.557    1.039  -0.0396  hopper__
   239.25013   35.47176  -27.709   35.526    1.221    1.746   0.1908  prospect
   239.73654   35.87726  -10.444   19.474    0.990    0.796  -0.1206  bonnie__
   239.65030   35.83034  -14.006   22.417    0.927    0.787   0.0773  gold____
   239.73272   35.75522  -14.503   20.834    1.739    2.232   0.0206  hearst__
   239.65316   35.91335   -9.810   19.988    1.065    0.777   0.0830  kenger__
   239.71014   35.81534  -13.297   20.667    1.606    1.463  -0.2261  moose___
   239.58029   35.78849  -23.429   31.428    1.612    1.383   0.1928  towers__
   239.53148   35.76277  -22.188   32.828    0.913    0.956   0.0499  wild____
   238.99439   35.46707  -29.973   35.122    1.530    2.961   0.4892  villa_2_
   239.69432   35.89516   -9.688   21.163    1.178    0.808   0.0630  park____
   239.68096   35.85842   -9.979   18.428    1.619    1.511  -0.2529  two_oaks
   239.53814   35.88721  -20.053   31.915    1.021    1.209   0.1207  break___
   239.46338   35.92441  -20.046   36.620    1.276    1.970   0.3653  buckhill
   239.52698   35.86384  -22.338   32.251    1.133    1.215   0.0896  flattop_
   239.52399   35.92415  -22.735   29.372    2.706    1.671  -0.0852  pitt____
   239.59149   35.93596   -8.966   22.057    1.501    1.072  -0.0399  table___
   239.41875   35.97053  -20.705   38.907    1.664    2.939   0.6571  cholame_
   239.52251   36.00036   -4.441   25.358    2.219    1.343   0.5398  gastro__
   239.56542   35.96903   -5.795   21.634    1.627    0.892   0.1888  mine_mt_
   240.24019   35.03586  -25.036   24.778    1.567    1.581   0.4994  caliente
   240.23636   35.29028  -19.619   19.900    1.448    1.127   0.1728  mckttrck
   239.99530   35.35097  -25.033   26.386    1.813    1.041   0.2053  simmler_
   240.44530   35.11239  -16.996   19.695    1.970    1.521   0.5336  temblor_
   239.56270   35.83471  -21.249   31.062    1.062    0.969   0.0846  cobra___
   239.62565   35.86972  -16.880   23.537    1.593    1.322  -0.1412  melville
   239.47982   35.91960  -18.892   33.149    1.236    1.636   0.3110  mid_f___
   240.59501   34.91977  -22.084   20.481    1.532    1.376   0.3404  pelato__
   239.40423   36.07850   -3.470   21.467    4.277    3.418   0.8469  mith____
   241.78010   34.77639  -11.602   19.311    1.466    1.792  -0.2577  avenue__
   241.64436   34.56053  -21.324   23.190    1.218    1.406   0.2302  pelona__
   241.81137   34.98215  -10.089   17.815    2.070    1.953  -0.5338  soledad_
   241.58114   34.86237  -10.539   16.870    1.460    1.495  -0.1305  thumb___
   241.44695   34.81796  -14.266   20.256    1.448    1.660   0.1010  bull____
   241.38507   34.93419  -13.724   17.725    1.407    1.246  -0.0764  diorite_
   242.10158   34.63076  -11.674   15.203    1.608    1.432  -0.2534  tom_____
   241.29717   34.95892  -15.627   17.297    1.445    1.529  -0.0062  gneiss__
   241.09592   34.90268  -19.501   18.754    1.319    1.183   0.1727  police__
   241.43893   34.69273  -19.448   22.039    1.230    1.225   0.1311  saw_ecc_
   241.18486   34.80325  -19.633   20.932    1.267    1.158   0.1458  tejon_41
   241.01886   34.84211  -21.959   19.628    1.251    1.392   0.0112  tecuyrm1
   241.17780   35.12352  -17.880   13.820    1.937    1.467  -0.2009  tejon_32
   242.30065   33.72868  -27.940   28.000    1.160    0.933  -0.0264  bee_____
   242.18829   33.60565  -31.125   30.292    1.081    1.027  -0.0914  san_joaq
   242.52873   33.87081  -25.296   25.441    1.080    1.211  -0.0666  arling__
   242.67704   33.79820  -25.675   24.761    0.956    1.317  -0.0409  ida_____
   242.34648   33.84985  -26.919   26.975    1.009    0.935   0.0983  sier____
   243.43961   33.64871  -15.765   19.391    0.884    1.160   0.1111  eve_____
   243.42594   33.55321  -18.479   21.142    0.880    1.156  -0.0479  lookout_
   243.57422   33.52355  -17.853   17.028    0.902    1.171   0.0409  toro____
   242.93787   33.60522  -25.616   25.847    0.959    1.669   0.1206  bachelor
   242.65692   33.60214  -27.486   26.799    1.048    1.276   0.1989  elsinore
   242.77142   33.71800  -25.981   25.441    1.021    1.488   0.0482  menifee_
   242.92942   33.82280  -24.030   24.026    1.052    1.554  -0.1621  nelson__
   243.07367   33.68773  -24.458   24.979    0.976    1.716   0.0807  pollycgs
   243.08961   33.52397  -24.905   27.065    1.002    1.724   0.0581  roundtop
   242.33744   33.80596  -27.447   27.109    1.182    0.907   0.0583  black___
   242.25360   33.76490  -29.360   27.819    1.225    1.010  -0.0125  lomas___
   242.86081   34.01365  -20.505   20.222    1.686    1.498  -0.1555  brink_an
   243.00322   33.90804  -21.143   20.517    1.238    1.687  -0.3266  david_an
   242.88577   33.95599  -22.453   21.265    1.392    1.501  -0.2397  gander__
   242.80897   33.87410  -24.930   24.226    1.137    1.476  -0.1763  micro___
   243.17464   33.84430  -18.734   20.562    1.161    2.029  -0.3139  ranger__
   242.87695   33.72370  -24.988   25.405    1.534    2.129  -0.1407  double__
   243.20098   33.56133  -23.507   27.003    0.958    1.634   0.0261  jason___
   243.30099   33.45447  -23.319   26.521    1.061    1.353  -0.2519  moss____
   243.32008   33.61888  -18.581   22.450    0.881    1.401   0.1175  thomasec
   244.04833   34.05872    0.014    1.138    2.078    2.865  -0.0484  29_palms
   243.90272   34.05277   -1.268    4.064    1.964    1.834   0.0292  queen___
   244.03063   34.21842    3.263    0.821    2.723    2.639  -0.5283  valmtecc
   243.80432   33.93586   -4.497    7.775    1.273    1.037   0.2537  inspncer
   243.69382   34.42917    1.395   10.800    4.459    1.376   0.1854  creole__
   243.54153   34.41918   -0.089   10.958    4.350    2.015   0.7342  maume_jo
   243.53100   34.26419   -1.202   12.175    3.013    2.037   0.6511  rich____
   243.59268   34.05514   -2.943   12.864    1.736    1.326   0.5036  warren__
   243.80898   34.08275   -0.620    7.106    1.938    1.231   0.0121  keys____
   243.88637   34.19342    2.379    4.265    2.645    1.708  -0.4009  mesquite
   243.61001   34.15321   -0.202   11.272    2.344    1.458   0.4478  pax_ncer
   243.38249   34.25802   -2.610   12.765    2.990    3.310   0.6622  meeks___
   243.92064   34.31480    5.628    4.276    3.353    1.942  -0.5309  segundo_
   244.69250   32.41808  -18.822   25.227    3.079    3.637  -0.0062  prieto__
   244.57294   32.22195  -24.664   25.330    1.219    1.087   0.3268  david___
   244.69407   32.33423  -18.081   26.360    1.722    2.010   0.3100  24______
   244.54386   32.37713  -22.281   25.871    1.324    1.167   0.2836  puerta__
   244.43992   32.45360  -22.612   26.931    1.239    1.070   0.3717  fierro__
   244.33624   32.20414  -25.886   26.245    1.236    1.255   0.2325  928_____
   244.12703   32.30844  -26.743   26.315    1.324    0.996   0.0629  diablo__
   244.08320   32.45056  -26.068   26.574    1.263    0.942   0.1504  cila_6__
   244.49860   33.27928   -4.080   -1.367    0.816    0.941   0.0880  oldbeach
   244.73822   33.23391   -1.810   -2.492    0.955    1.726   0.3684  salva___
   244.08210   33.17855  -15.691   15.809    0.862    0.745   0.0134  soda____
   244.17495   32.95473  -23.809   22.387    0.918    0.750   0.0155  sup_____
   244.64140   33.35487   -2.274   -1.672    0.914    1.356  -0.0830  beals___
   244.65491   33.56163   -2.048   -0.697    1.390    1.496  -0.1678  butte___
   244.22031   33.56905   -5.030    3.383    0.981    0.952   0.2032  orocopia
   243.97029   33.63429   -8.839    8.683    0.880    0.816   0.1715  mecca___
   244.08982   33.71835   -4.748    4.896    1.166    0.956  -0.0115  cottonwo
   243.76697   33.25663  -19.639   20.881    0.949    0.912   0.1084  bluff___
   243.89108   33.13103  -21.844   21.053    0.884    0.814  -0.0061  ocotillo
   243.56644   33.17712  -23.390   24.585    1.081    1.084   0.0376  wilson__
   243.82468   33.04493  -24.437   23.800    0.947    0.954  -0.0043  elephant
   243.52067   33.05094  -25.857   26.067    0.945    1.083   0.0976  granite_
   243.87382   33.30782  -15.519   15.181    1.023    0.882  -0.1316  palm____
   243.98504   32.82499  -25.182   24.925    0.844    0.781   0.0405  carri_sa
   244.01940   32.98158  -24.057   23.572    0.906    0.766   0.0566  fish____
   243.83573   32.69756  -26.532   27.072    0.903    0.961  -0.0771  jacumba_
   244.06760   32.63215  -25.641   27.221    0.908    0.797   0.0197  off_229_
   243.71461   32.91487  -25.876   24.518    0.866    1.185  -0.0450  stage___
   243.92271   33.38226  -14.051   13.965    0.889    0.777   0.0536  coolidge
   243.80909   33.52365  -13.111   14.520    0.935    0.881   0.1249  martinez
   243.42129   33.10168  -24.818   26.876    0.946    1.233   0.1995  volcan__
   243.68725   33.70406  -12.022   14.011    0.851    0.898   0.0980  laquinta
   243.72266   33.10223  -23.945   22.937    0.965    1.573  -0.0106  yak_____
   243.56881   33.87046  -10.934   12.406    1.504    1.468   0.4837  edom_2__

