121.3736	23.0974		-56.181		45.519	0.019	0.018	0	    CHEN
120.4332	23.4960		-11.4485	2.416	0.021	0.016   0       CHIA
120.5822	24.2710		1.021		-4.029	0.004	0.003   0       CHIN
120.8289	23.9454		-28.891		13.951	0.004	0.002   0       CHIU
121.6619	24.1492		-15.209		0.910	0.006	0.004   0       CHNT
120.5573	24.0661		-2.830		-2.065	0.002	0.001   0       CHUA
121.5120	24.6023		3.506		5.459	0.029	0.020   0       CLAN
120.2778	22.7547		-38.629		-9.702	0.006	0.004   0       CTOU
120.8718	24.4229		-8.306		0.531	0.037	0.020   0       DAHU
120.8650	22.3113		-44.134		13.594	0.015	0.012   0       DAJN
120.9444	22.4784		-55.624		5.020	0.087	0.065   0       DASI
120.1538	23.4605		-5.573		-2.828	0.088	0.054   0       DONS
120.9328	24.0431		-27.141		11.616	0.003	0.003   0       DPIN
121.3306	23.0257		-50.042		46.319	0.037	0.026   0       DULI
120.4196	23.7976		1.364		0.127	0.003	0.002   0       ERLN
121.7811	25.0711		2.198		-0.590	0.002	0.003   0       FIVE
121.4534	23.7463		-32.760		24.208	0.003	0.003   0       FLNM
121.9375	25.0204		3.387		-3.350	0.009	0.014   0       FLON
120.3202	23.9223		2.726		-4.849	0.003	0.003   0       FUNY
121.3315	24.7990		-2.179		5.470	0.004	0.004   0       FUSN
120.5906	23.0803		-43.6205	1.153	0.0325	0.029   0       GAIS
120.5888	23.6459		-9.7135		5.2705	0.0165	0.0125  0       GUKN
121.6871	24.6095		16.7385		-7.2395	0.0355	0.0375  0       HANS
120.7465	22.0039		-54.097		2.645	0.005	0.003   0       HENC
120.9942	23.7930		-43.376		13.732	0.005	0.005   0       HLIU
121.3081	24.3377		-7.548		13.203	0.003	0.003   0       HNSN
120.8949	24.1708		-21.593		6.077	0.010	0.009   0       HOPN
121.0143	24.8278		-3.276		3.468	0.002	0.003   0       HSIN
121.0265	24.2806		-30.858		20.621	0.010	0.007   0       HSUE
121.6135	23.9754		-27.188		18.792	0.006	0.007   0       HUAL
121.2726	24.1435		-20.869		21.378	0.007	0.004   0       HUAN
121.7494	24.3090		4.672		-15.601	0.017	0.012   0       HUAP
120.2793	23.3607		-5.406		-1.150	0.005	0.005   0       ICHU
121.7566	24.764		4.713		-2.269	0.045	0.0375  0       ILAN
120.6228	22.3300		-55.184		2.732	0.011	0.010   0       JLUT
121.4239	23.4920		-50.196		43.611	0.0695	0.052   0       JSUI
121.1760	24.7767		-3.285		5.237	0.005	0.005   0	    KSHI
121.0804	25.0411		-1.419		0.669	0.009	0.009   0       KYIN
121.5581	22.0373		-74.000		57.308	0.008	0.009   0       LANY
120.5279	22.7586		-55.362		-0.614	0.007	0.005   0       LIKN
120.3691	22.3467		-53.086		-25.834	0.003	0.003   0       LIUC
120.7818	24.3431		-7.273		0.743	0.002	0.002   0       LIYU
121.1306	22.9063		-37.44		25.0745	0.0195	0.0185  0       LONT
121.7716	24.7		11.428		-9.452	0.04	0.0355  0       LTUN
120.4351	24.0600		-3.917		-3.117	0.002	0.002   0       LUKN
120.8103	24.5835		-2.819		0.780	0.004	0.004   0       MIAO
120.2632	22.7959		-25.902		-7.619	0.010	0.008   0       MITO
120.5958	22.8967		-48.729		-2.457	0.014	0.012   0       MLON
119.9332	26.1571		-1.360		0.330	0.003	0.003   0       MZUM
121.8102	24.4493		8.256		-25.931	0.022	0.021   0       NAAO
120.2744	23.1020		-9.313		0.4965	0.026	0.027   0       NANK
120.2758	22.9385		-27.4545	-0.0835	0.0195	0.015   0       NCKU
121.5508	23.8972		-28.012		9.544	0.053	0.048   0       NDHU
121.5616	24.6348		3.070		6.676	0.013	0.014   0       NIUT
120.5714	22.5039		-56.286		0.412	0.005	0.005   0       NJOU
120.8009	24.2258		-17.388		4.849	0.002	0.002   0       NSHE
120.9503	24.7149		-2.705		4.928	0.003	0.002   0       PAOS
120.1728	23.2922		-5.434		-0.626	0.008	0.007   0       PEIM
120.9760	24.5388		-17.964		9.264	0.103	0.038   0       PENL
121.6103	24.0179		-21.958		9.908	0.006	0.004   0       PEPU
120.3055	23.5799		-4.9705		5	0.02	0.019   0       PKGM
121.0866	24.5790		-6.387		10.895	0.007	0.003   0       PLAN
121.7140	24.9336		0.158		2.860	0.007	0.008   0       PLIN
120.4597	22.6499		-51.933		-7.577	0.005	0.004   0       PTUN
120.5201	23.9649		-0.172		0.323	0.014	0.0115  0       PUSN
120.7687	24.4144		-2.986		2.488	0.003	0.003   0       SANI
121.0102	24.9329		-1.985		1.117	0.002	0.002   0       SFON
121.4414	23.8119		-30.724		20.282	0.003	0.002   0       SLIN
121.6356	24.7531		0.925		4.1395	0.021	0.0235  0       SLNP
120.9858	24.3978		-12.630		6.416	0.006	0.005   0       SONA
121.4849	24.2050		-5.389		11.155	0.019	0.012   0       SPAO
120.2999	23.4776		-6.935		0.058	0.0145	0.0115  0	SUAN
121.8671	24.5924		16.573		-24.427	0.0525	0.05    0       SUAO
120.9084	23.8812		-31.630		11.970	0.003	0.002   0       SUN1
121.3236	23.0203		-47.485		52.389	0.056	0.045   0       T101
121.2768	23.0160		-41.021		55.203	0.058	0.049   0       T102
121.2674	23.1550		-34.813		69.518	0.036	0.042   0       T103
121.2402	23.1548		-42.129		63.341	0.003	0.040   0       T104
121.2274	23.1555		-42.838		64.044	0.042	0.038   0       T105
121.6732	25.0345		2.386		1.946	0.016	0.019   0       TAIP
121.4269	25.1815		-2.511		0.188	0.048	0.040   0       TANS
120.8871	23.4814		-20.8675	5.0305	0.02	0.021   0       TATA
120.9874	24.7980		-2.971		3.218	0.003	0.003   0       TCMS
120.6550	24.3562		-2.518		-0.603	0.002	0.002   0       TEGS
121.2956	24.6071		-4.125		11.735	0.002	0.002   0       THAI
121.0075	22.6161		-34.327		10.9135	0.0255	0.0185  0       TMAM
120.9248	24.6620		-6.497		3.864	0.025	0.018   0       TOFN
121.6328	25.2569		1.306		0.190	0.015	0.013   0       TSHI
121.0807	22.7646		-38.988		11.0615	0.02	0.0185  0       TTUN
121.4961	24.5748		3.889		6.779	0.006	0.007   0       TUCN
121.4936	23.9652		-26.662		14.919	0.003	0.002   0       TUNM
120.4040	23.3172		-12.6325	1.864	0.0185	0.0135  0       TUNS
121.1645	24.9536		0.122		-0.582	0.007	0.005   0       TWTF
120.5263	23.1868		-28.247		4.573	0.102	0.070   0       WANC
121.6376	25.1694		2.160		1.223	0.017	0.015   0       WANL
121.4007	25.1173		-0.143		2.464	0.009	0.007   0       WUKU
120.3682	23.2052		-13.191		-0.862	0.008	0.002   0       WUST
121.1853	24.9085		-2.841		3.408	0.006	0.005   0       YAME
121.6018	23.9035		-30.821		26.277	0.003	0.003   0       YENL
121.5741	25.1657		1.752		0.331	0.003	0.004	0       YMSM
121.7789	24.8617		7.454		2.812	0.042	0.048   0       YNTS
120.0860	23.1466		-4.657		-3.959	0.026	0.019   0       YSAN
121.3011	23.3409		-33.796		19.5405	0.0195	0.019   0       YULI
120.9591	23.4873		-41.789		14.128	0.0255	0.027   0       YUSN
121.4421	24.9977		-0.02		2.8	0.0001 	0.0001  0	BANC
120.2105	22.9759		-16.38		-0.14	0.0001 	0.0001  0       CK01
120.7820	21.9494		-50.08		9.81	0.0001 	0.0001  0       KDNM
118.3886	24.4638 	-1.08	        0.51	0.0001 	0.0001  0       KMNM
119.5637	23.5652		-0.17		-0.17	0.0001 	0.0001  0       PANG
                                                                      
                                                                        
                                                                        
                                                                        
                                                                        
                                                                        
                                                                        
                                                                        
                                                                        
                                                                        
                                                                        
                                                                        
                                                                        
                                                                        
                                                                        
                                                                        
                                                                        