121.49794 25.12589 01 ¤s¸}Â_¼h 
121.12907 24.87148 02 ´ò¤fÂ_¼h 
120.96099 24.81844 03 ·s¦ËÂ_¼h
121.04140 24.75143 04 ·s«°Â_¼h
120.96039 24.55315 05 ·à¼æÂ_¼h
120.77599 24.34921 06 ¤T¸qÂ_¼h
120.59000 24.34268 07 ¤j¥ÒÂ_¼h
120.63154 24.31141 08 ÅK¯z¤sÂ_¼h
120.67286 24.26674 09 ¤Ù¤l¸}Â_¼h
120.51927 24.00811 10 ¹ü¤ÆÂ_¼h
120.76519 24.22983 11 ¨®Å¢®HÂ_¼h
120.82884 24.02275 12 ¤j­T®H¡ÐÂù¥VÂ_¼h
120.54032 23.62097 13 ¤EË|§|Â_¼h
120.48659 23.56000 14 ±ö¤sÂ_¼h
120.62961 23.55401 15 ¤j¦y¤sÂ_¼h
120.41467 23.34651 16 ¤ì®j¼dÂ_¼h
120.34605 23.25805 17 ¤»¥ÒÂ_¼h
120.62795 23.42422 18 Ä²¤fÂ_¼h
120.31133 23.06874 19 ·s¤ÆÂ_¼h
120.25925 22.96375 20 «á¥Ò¨½Â_¼h
120.44277 23.04476 21 ¥ªÂíÂ_¼h
120.29645 22.83395 22 ¤p©£¤sÂ_¼h
120.38821 22.72979 23 ºX¤sÂ_¼h
120.57587 22.59669 24 ¼é¦{Â_¼h
120.71476 22.01883 25 «í¬KÂ_¼h
121.58527 24.02000 26 ¦Ì±[Â_¼h
121.48111 23.78672 27 À­³»Â_¼h
121.37694 23.59906 28 ·çÁJÂ_¼h
121.45000 23.47506 29 ©_¬üÂ_¼h
121.29675 23.38247 30 ¥É¨½Â_¼h
121.26616 23.14603 31 ¦À¤WÂ_¼h
121.07024 22.87157 32 ³À³¥Â_¼h
121.14000 22.82941 33 §Q¦NÂ_¼h