0 NaN
1 NaN
2 NaN
3 NaN
4 NaN
5 0
6 0
7 0.960019845304
8 9.0340764285
9 10.0092005021
10 7.95961564854
11 7.45585956478
12 4.85919390682
13 3.80858994826
14 6.50876504066
15 10.8048012083
16 22.4045491538
17 34.7166041506
18 85.3787365176
19 52.0910198786
20 49.409005073
21 66.4923137907
22 55.9289581203
23 41.8215389363
24 67.2210457118
25 63.0913136472
26 87.2790410907
27 134.116521951
28 214.780901409
29 88.6193672792
30 56.209936237
31 71.5462256483
32 46.7845778523
33 40.8482672457
34 42.0695391833
35 38.2655946372
36 39.9262548829
37 43.3073768845
38 46.4559165335
39 46.1878390125
40 45.775057075
41 51.0831239881
42 106.322978768
43 71.9510181697
44 164.568979112
45 382.497150587
46 249.210687516
47 235.551177154
48 187.919199273
49 334.74688565
50 176.854162208
51 173.576152691
52 592.267888344
53 1070.10922931
54 753.93256182
55 858.66981059
56 892.8850789
57 623.639424124
58 549.23311488
59 506.192858143
59.4376851477 686.370598453
