120.3	24	0
120.304559409	23.9983058652	0.5
120.309118697	23.9966115956	1
120.313677866	23.9949171912	1.5
120.318236915	23.9932226521	2
120.322795843	23.9915279782	2.5
120.327354652	23.9898331695	3
120.33191334	23.9881382261	3.5
120.336471909	23.986443148	4
120.341030357	23.9847479352	4.5
120.345588686	23.9830525877	5
120.350146894	23.9813571055	5.5
120.354704983	23.9796614887	6
120.359262951	23.9779657372	6.5
120.3638208	23.976269851	7
120.368378528	23.9745738303	7.5
120.372936137	23.9728776749	8
120.377493625	23.971181385	8.5
120.382050994	23.9694849605	9
120.386608242	23.9677884014	9.5
120.391165371	23.9660917078	10
120.395722379	23.9643948796	10.5
120.400279268	23.962697917	11
120.404836037	23.9610008198	11.5
120.409392685	23.9593035881	12
120.413949214	23.957606222	12.5
120.418505623	23.9559087214	13
120.423061911	23.9542110863	13.5
120.42761808	23.9525133168	14
120.432174129	23.9508154129	14.5
120.436730058	23.9491173746	15
120.441285867	23.9474192019	15.5
120.445841556	23.9457208948	16
120.450397125	23.9440224534	16.5
120.454952574	23.9423238776	17
120.459507903	23.9406251675	17.5
120.464063112	23.9389263231	18
120.468618202	23.9372273443	18.5
120.473173171	23.9355282313	19
120.477728021	23.933828984	19.5
120.48228275	23.9321296024	20
120.48683736	23.9304300866	20.5
120.49139185	23.9287304366	21
120.495946219	23.9270306523	21.5
120.500500469	23.9253307338	22
120.505054599	23.9236306811	22.5
120.50960861	23.9219304943	23
120.5141625	23.9202301733	23.5
120.51871627	23.9185297182	24
120.523269921	23.9168291289	24.5
120.527823451	23.9151284055	25
120.532376862	23.913427548	25.5
120.536930153	23.9117265564	26
120.541483324	23.9100254307	26.5
120.546036375	23.908324171	27
120.550589306	23.9066227772	27.5
120.555142117	23.9049212494	28
120.559694809	23.9032195875	28.5
120.56424738	23.9015177917	29
120.568799832	23.8998158619	29.5
120.573352164	23.8981137981	30
120.577904376	23.8964116003	30.5
120.582456468	23.8947092686	31
120.587008441	23.8930068029	31.5
120.591560293	23.8913042034	32
120.596112026	23.8896014699	32.5
120.600663639	23.8878986025	33
120.605215132	23.8861956013	33.5
120.609766505	23.8844924662	34
120.614317759	23.8827891972	34.5
120.618868892	23.8810857945	35
120.623419906	23.8793822579	35.5
120.6279708	23.8776785875	36
120.632521574	23.8759747833	36.5
120.637072228	23.8742708453	37
120.641622763	23.8725667735	37.5
120.646173178	23.8708625681	38
120.650723473	23.8691582288	38.5
120.655273648	23.8674537559	39
120.659823703	23.8657491493	39.5
120.664373639	23.8640444089	40
120.668923455	23.8623395349	40.5
120.673473151	23.8606345273	41
120.678022727	23.8589293859	41.5
120.682572184	23.857224111	42
120.68712152	23.8555187024	42.5
120.691670737	23.8538131602	43
120.696219834	23.8521074845	43.5
120.700768812	23.8504016751	44
120.70531767	23.8486957322	44.5
120.709866408	23.8469896557	45
120.714415026	23.8452834458	45.5
120.718963524	23.8435771022	46
120.723511903	23.8418706252	46.5
120.728060162	23.8401640147	47
120.732608301	23.8384572707	47.5
120.737156321	23.8367503933	48
120.74170422	23.8350433824	48.5
120.746252001	23.8333362381	49
120.750799661	23.8316289603	49.5
120.755347202	23.8299215492	50
120.759894622	23.8282140046	50.5
120.764441924	23.8265063267	51
120.768989105	23.8247985154	51.5
120.773536167	23.8230905708	52
120.778083109	23.8213824928	52.5
120.782629932	23.8196742815	53
120.787176634	23.817965937	53.5
120.791723217	23.8162574591	54
120.796269681	23.8145488479	54.5
120.800816024	23.8128401035	55
120.805362248	23.8111312258	55.5
120.809908353	23.8094222149	56
120.814454337	23.8077130708	56.5
120.819000202	23.8060037935	57
120.823545948	23.8042943829	57.5
120.828091573	23.8025848392	58
120.832637079	23.8008751624	58.5
120.837182466	23.7991653524	59
120.841727732	23.7974554092	59.5
120.846272879	23.7957453329	60
120.850817907	23.7940351236	60.5
120.855362815	23.7923247811	61
120.859907603	23.7906143056	61.5
120.864452271	23.788903697	62
120.86899682	23.7871929553	62.5
120.873541249	23.7854820806	63
120.878085559	23.7837710729	63.5
120.882629749	23.7820599322	64
120.887173819	23.7803486585	64.5
120.89171777	23.7786372518	65
120.896261601	23.7769257122	65.5
120.900805313	23.7752140396	66
120.905348905	23.7735022341	66.5
120.909892377	23.7717902956	67
120.91443573	23.7700782242	67.5
120.918978963	23.76836602	68
120.923522077	23.7666536829	68.5
120.928065071	23.7649412129	69
120.932607946	23.76322861	69.5
120.9371507	23.7615158744	70
120.941693336	23.7598030059	70.5
120.946235851	23.7580900046	71
120.950778248	23.7563768705	71.5
120.955320524	23.7546636036	72
120.959862681	23.752950204	72.5
120.964404719	23.7512366716	73
120.968946637	23.7495230065	73.5
120.973488435	23.7478092087	74
120.978030114	23.7460952781	74.5
120.982571673	23.7443812149	75
120.987113113	23.742667019	75.5
120.991654433	23.7409526904	76
120.996195634	23.7392382291	76.5
121.000736715	23.7375236353	77
121.005277677	23.7358089088	77.5
121.009818519	23.7340940497	78
121.014359242	23.732379058	78.5
121.018899845	23.7306639338	79
121.023440329	23.7289486769	79.5
121.027980693	23.7272332876	80
121.032520937	23.7255177657	80.5
121.037061063	23.7238021112	81
121.041601068	23.7220863243	81.5
121.046140954	23.7203704049	82
121.050680721	23.718654353	82.5
121.055220368	23.7169381686	83
121.059759896	23.7152218518	83.5
121.064299304	23.7135054025	84
121.068838593	23.7117888208	84.5
121.073377762	23.7100721067	85
121.077916812	23.7083552603	85.5
121.082455743	23.7066382814	86
121.086994553	23.7049211702	86.5
121.091533245	23.7032039266	87
121.096071817	23.7014865507	87.5
121.1	23.7	87.9327660208
