             E P I C E N T E R              MOMENT       P R I N C I P A L  A X E S        N O D A L  P L A N E S   
     DATE      LAT      LONG  SRC DEPTH     VAL  EX       T            N            P           1           2       %  SRC
  YR  MO DA    deg      deg         km  Mw     Nm    VAL  PL AZM  VAL  PL AZM  VAL  PL AZM STK DP SLIP STK DP SLIP  DC
----------------------------------------------------------------------------------------------------------------------------
 1998/02/04   37.075   70.089 PDE  17.0 5.9 8.7  17  8.25  8  84  0.84 78 215 -9.10  9 353 128 78 -179  38 89  -12  82 GS              
 1998/02/04   37.130   69.920 HRV  33.8 5.9 8.4  17  7.82  8  75  1.08 76 308 -8.90 11 167 211 76   -2 301 88 -166  76 HRV                         
 1998/02/14   36.360   70.940 HRV 228.0 5.5 2.0  17  1.96 71 332 -0.01  8  86 -1.95 17 179 281 29  107  82 63   81  99 HRV             
 1998/02/20   36.479   71.086 PDE 233.0 6.3 4.1  18  4.10 65 256  0.01  6 359 -4.11 24  92 196 21  107 357 70   83 100 GS              
 1998/02/20   36.500   70.880 HRV 243.7 6.3 4.0  18  4.02 60 260 -0.11  3 355 -3.90 30  86 184 15  100 354 75   87  95 HRV             
 1998/03/19   39.977   76.731 PDE  13.0 5.6 3.0  17  3.04 45 351 -0.02  2 259 -3.01 45 167 165  2   -3 259 90  -92  99 GS              
 1998/03/19   39.940   76.880 HRV  32.7 5.6 3.3  17  3.13 67 354  0.26  4 253 -3.39 22 162 243 23   79  75 68   95  85 HRV             
 1998/03/21   36.433   70.133 PDE 226.0 5.8 7.3  17  7.44 57   4 -0.24  2  98 -7.20 33 189 289 12  102  97 78   87  94 GS              
 1998/03/21   36.460   70.000 HRV 236.3 5.9 8.3  17  7.96 59   5  0.60  3 270 -8.56 31 178 259 14   78  91 76   93  86 HRV             
 1998/03/21   36.433   70.133 PDE 225.0 6.0 1.1  18       55   9       19 129       28 229   0 24  144 124 76   70 *** CSEM            
 1998/05/02   24.840   95.090 HRV 127.4 5.5 2.0  17  2.19 32  92 -0.46 58 271 -1.73  0   2 132 68  156 232 68   24  58 HRV             
 1998/05/28   37.388   78.843 PDE  10.0 5.6 3.1  17  3.13 40 198  0.03 15 301 -3.16 46  47 224 15 -167 122 87  -75  98 GS              
 1998/05/28   37.550   79.060 HRV  29.3 5.6 3.1  17  2.90 53 217  0.35  4 122 -3.25 37  29  95  9   63 302 82   94  78 HRV             
 1998/05/29   41.173   75.655 PDE  17.0 5.2 7.9  16  8.01 83 103 -0.25  7 260 -7.76  3 350  87 43  100 254 48   81  94 GS              
 1998/05/29   41.350   75.670 HRV  31.5 5.3 1.0  17  1.13 70  60 -0.25 19 260 -0.88  6 168 238 42   62  94 54  113  56 HRV             
 1998/05/30   37.106   70.110 PDE  35.0 6.5 7.7  18  7.17  8  71  1.06 76 194 -8.23 12 340 116 76 -177  25 87  -14  74 GS              
 1998/05/30   37.380   70.080 HRV  24.1 6.5 7.9  18  7.37  3  65  1.04 76 323 -8.41 13 156 200 79   -7 291 83 -169  75 HRV                       
 1998/06/06   37.210   69.910 HRV  33.0 5.1 4.9  16  4.62 10 109  0.52 77 249 -5.14  8  17 153 77  179 243 89   13  80 HRV             
 1998/06/07   41.230   77.420 HRV  33.0 5.2 8.1  16  9.82 43  98 -3.35 18 350 -6.47 41 243 263 18    2 171 89  108  32 HRV             
 1998/06/25   41.160   80.440 HRV  15.1 5.1 5.5  16  6.20 61 282 -1.38 17  45 -4.81 22 143 262 27  129  39 69   72  55 HRV             
 1998/06/29   37.030   70.070 HRV  33.0 5.1 5.7  16  5.21  5  54  0.96 71 159 -6.16 19 322  99 73 -170   7 81  -17  69 HRV             
 1998/07/12   47.790   82.780 HRV  35.4 5.2 6.7  16  6.55 10  94  0.28 66 209 -6.83 21   0 139 67 -172  46 83  -23  92 HRV             
 1998/07/20   30.134   88.173 PDE   5.0 5.7 5.2  17  5.37  4 106 -0.30 14 197 -5.07 75 360 181 43 -111  29 51  -72  89 GS              
 1998/07/20   29.830   88.470 HRV  15.0 5.7 4.8  17  4.71 13 280  0.13  4 190 -4.84 76  84  16 32  -83 187 59  -95  95 HRV             
 1998/07/21   29.930   88.500 HRV  15.7 5.0 4.5  16  3.54  2 304  1.92  0  34 -5.46 88 124  34 43  -90 214 47  -90  30 HRV             
 1998/07/28   41.930   81.580 HRV  46.9 5.1 6.3  16  6.74 87  17 -0.83  1 261 -5.91  3 171 260 42   88  83 48   92  75 HRV             
 1998/08/02   39.573   76.999 PDE   5.0 5.6 3.3  17  2.98 38 140  0.70 13 240 -3.68 50 345 176 14 -154  61 84  -77  62 GS              
 1998/08/02   39.670   77.130 HRV  15.0 5.6 3.3  17  3.46 19 116 -0.37 16  20 -3.09 65 252 231 30  -56  13 66 -108  79 HRV             
 1998/08/25   30.079   88.109 PDE  11.0 5.6 3.7  17  3.80 12  88 -0.23 33 185 -3.57 55 341 144 44 -141  24 64  -53  88 GS              
 1998/08/25   29.860   88.310 HRV  15.0 5.8 6.8  17  7.05  1 268 -0.49 16 177 -6.56 74   1  14 46  -67 162 48 -112  86 HRV             
 1998/08/27   39.660   77.343 PDE  15.0 6.3 4.2  18  4.02  3  95  0.29 83 206 -4.30  7   5 140 83 -177  50 87   -7  87 GS              
 1998/08/27   39.510   77.220 HRV  32.0 6.3 3.9  18  4.08  8 104 -0.37 78 331 -3.70  8 195 240 78    0 330 90 -168  82 HRV             
 1998/08/28   30.080   88.410 HRV  15.0 5.0 3.6  16  3.11  0 109  1.04  0  19 -4.15 90 180 199 45  -90  19 45  -90  50 HRV             
 1998/09/03   39.470   77.300 HRV  31.7 4.9 3.3  16  3.78 13 144 -0.91  0  54 -2.87 77 324 234 32  -90  54 58  -90  52 HRV             
 1998/09/24   46.040  106.040 HRV  33.0 5.5 2.4  17  2.57 21 312 -0.29 66 162 -2.28 11  46  91 67    8 358 83  157  77 HRV             
 1998/09/26   27.870   93.600 HRV  33.0 5.0 3.6  16  3.28 65 270  0.63 12  27 -3.91 21 122 233 26  118  22 67   77  68 HRV             
 1998/09/30   29.640   88.250 HRV  33.0 5.1 6.1  16  6.52 14  65 -0.82 12 158 -5.70 71 286 139 32 -112 345 60  -76  75 HRV             
 1998/10/02   27.450  101.520 HRV  15.0 5.3 1.2  17  1.12 29 242  0.20  0 151 -1.32 61  61 332 16  -89 151 74  -90  70 HRV             
 1998/10/05   29.890   88.600 HRV  33.0 5.2 7.1  16  7.50 17 287 -0.77  6 195 -6.73 72  84  26 29  -77 191 62  -97  79 HRV             
 1998/10/16   23.743   94.683 PDE  85.0 5.3 1.3  17  1.28 42  87 -0.05  2 355 -1.24 48 262 213  3  -52 355 87  -92  92 GS              
 1998/10/16   23.820   94.740 HRV 112.1 5.3 1.1  17  1.30 44  75 -0.34 12 177 -0.95 44 278  86 12  180 177 90   78  48 HRV             
 1998/11/19   27.250  101.470 HRV  15.0 5.6 2.7  17  2.55  1 257  0.26 76 163 -2.82 14 347  31 79   -9 123 81 -169  82 HRV             
 1998/11/21   49.210   88.890 HRV  15.0 5.2 7.4  16  8.22 62 241 -1.62  3 146 -6.60 28  54 136 18   80 327 73   93  61 HRV             
 1998/12/11   36.514   71.021 PDE 220.0 5.6 3.7  17  3.70 63 105  0.00 24 256 -3.70 12 351 109 39  130 241 61   62 100 GS              
 1998/12/11   36.350   70.870 HRV 240.3 5.6 3.1  17  3.10 54  98 -0.05 36 275 -3.05  2   6 126 54  136 246 56   46  97 HRV             
 1999/01/30   41.674   88.463 PDE  17.0 5.4 1.4  17  1.45 77 265 -0.02 12 104 -1.43  4  13  90 42   71 294 50  106  97 GS              
 1999/01/30   41.670   88.700 HRV  23.3 5.4 1.7  17  1.75 80 169 -0.06  5 289 -1.68  9  20 116 36   99 286 54   84  93 HRV             
 1999/02/09   35.800   70.100 HRV 201.7 5.3 1.0  17  1.14 54 302 -0.19 18 185 -0.95 30  83 131 23   34   9 78  109  67 HRV             
 1999/02/22   23.150   93.990 HRV  51.0 5.0 4.2  16  3.95 11 326  0.53  7  57 -4.48 77 180  47 35 -103 242 56  -81  76 HRV             
 1999/03/15   41.980   82.380 HRV  17.0 5.4 1.7  17  1.72 56 304 -0.01 13  55 -1.71 30 153 279 19  135  52 77   76  99 HRV             
 1999/03/28   30.512   79.403 PDE   7.0 6.5 7.6  18  7.63 53  27  0.00  5 290 -7.63 37 196 257 10   57 111 82   95 100 GS              
 1999/03/28   30.380   79.210 HRV  15.0 6.5 7.8  18  7.51 52  27  0.52  2 295 -8.03 38 203 280  7   75 115 83   92  87 HRV             
 1999/03/28   30.512   79.403 PDE  15.0 6.6 1.0  19       36  60       49 274       17 163 108 78  140 208 51   16 *** CSEM            
 1999/04/05   24.500   93.960 HRV  65.1 5.5 2.5  17  2.22 30 304  0.59 58 144 -2.81  9  39  86 62   16 348 76  151  58 HRV             
 1999/04/17   37.610   75.450 HRV 149.6 5.1 4.9  16  3.74 43 201  2.34 46   6 -6.08  7 104 232 55  151 340 67   39  23 HRV             
 1999/05/09   36.750   73.210 HRV  69.2 5.3 1.0  17  1.08  9 104 -0.11 38   7 -0.98 51 205 229 49  -36 345 64 -133  80 HRV             
 1999/05/29   32.810   93.770 HRV  33.0 5.3 1.3  17  1.25  5 126  0.07 79   9 -1.32 10 217 261 80   -3 352 87 -170  89 HRV             
 1999/06/01   36.780   70.560 HRV  76.7 5.0 4.6  16  4.96 21 307 -0.80 33  51 -4.16 49 190 354 37 -153 242 74  -56  68 HRV             
 1999/06/10   36.237   71.212 PDE 107.0 5.2 7.5  16  7.53 81 288 -0.14  6  58 -7.39  7 149 246 38  100  54 52   82  96 GS              
 1999/06/10   36.130   71.340 HRV 130.2 5.2 8.4  16  7.88 80 200  0.93  7  65 -8.82  7 335  57 38   79 251 52   99  79 HRV             
 1999/06/21   36.388   70.707 PDE 215.0 5.5 2.2  17  2.36 74 357 -0.22  1  89 -2.14 16 179 270 30   91  89 61   89  81 GS              
 1999/06/29   38.470   73.100 HRV  55.9 5.3 1.0  17  1.11 13 257 -0.14 67  19 -0.97 19 163 301 68 -176 209 86  -22  75 HRV             
 1999/06/29   36.622   71.353 PDE 184.0 5.6 3.5  17  3.86 78 266 -0.72 10  55 -3.14  6 147 248 40  106  47 52   77  63 GS              
 1999/06/29   36.500   70.960 HRV 188.1 5.6 3.5  17  3.97 81 271 -0.99  9  90 -2.98  0 180 279 45  102  81 46   78  50 HRV             
 1999/07/08   37.550   72.520 HRV  67.9 5.3 1.2  17  1.16  5 261  0.01 85  92 -1.18  1 351  36 86    3 306 87  176  98 HRV             
 1999/08/04   37.390   86.880 HRV  33.0 5.1 5.2  16  4.47 54 319  1.52 30 101 -5.99 18 202 330 38  145  89 69   57  49 HRV             
 1999/10/05   25.880   91.890 HRV  33.0 5.2 6.7  16  5.80 23 105  1.88 65 304 -7.69  7 198 244 68   12 149 79  158  51 HRV             
 1999/11/08   36.522   71.240 PDE 226.0 6.5 6.7  18  6.24 76 285  0.81  1  21 -7.05 14 111 203 31   93  20 59   88  77 GS              
 1999/11/08   36.480   70.810 HRV 237.2 6.5 6.4  18  6.36 71 278  0.01  3  17 -6.37 19 108 203 27   97  16 64   87 100 HRV             
 1999/12/06   42.750   76.250 HRV  32.6 5.2 6.9  16  6.45 81  12  0.82  5 244 -7.27  7 153 237 38   81  68 52   97  77 HRV             
 1999/12/10   36.256   71.226 PDE 113.0 5.3 1.2  17  1.11 53  34  0.14 37 224 -1.25  5 131 188 52   40  70 60  134  78 GS              
 1999/12/10   36.060   71.070 HRV 117.6 5.3 1.0  17  0.98 52  50  0.07 38 242 -1.06  5 147 204 52   38  87 61  135  87 HRV             
 2000/01/05   32.030   92.290 HRV  33.0 5.4 1.7  17  1.79 26  88 -0.11 33 340 -1.68 46 207 225 36  -20 332 78 -124  88 HRV             
 2000/01/14   25.340  101.280 HRV  33.0 5.5 1.9  17  2.00  7 250 -0.16 77 126 -1.83 11 341  25 77   -2 116 88 -167  84 HRV             
 2000/01/14   25.607  101.063 PDE  13.0 5.8 5.9  17  5.42  8  72  0.99 77 198 -6.41 10 341 117 77 -178  26 88  -13  69 GS              
 2000/01/14   25.390  101.400 HRV  33.0 5.9 8.3  17  8.46  4 252 -0.26 76 143 -8.20 13 343  27 78   -6 118 84 -168  94 HRV             
 2000/01/19   36.372   70.379 PDE 208.0 5.9 1.0  18  1.07 80 218 -0.13  6  94 -0.94  9   3  86 37   80 278 54   97  76 GS              
 2000/01/19   36.300   70.290 HRV 224.3 5.9 9.7  17  9.44 70 237  0.50 14 105 -9.94 14  11  83 33   65 293 60  106  90 HRV             
 2000/01/26   30.790   95.720 HRV  33.0 5.1 6.5  16  6.39 21 317  0.23 67 156 -6.62  7  49  95 70   11   1 80  160  93 HRV             
 2000/01/31   38.114   88.604 PDE  13.0 5.4 1.4  17  1.19  6 288  0.36 83  96 -1.55  1 198 333 85  176  63 86    5  54 GS              
 2000/01/31   38.000   88.750 HRV  33.0 5.4 1.5  17  1.42 19 304  0.22 71 121 -1.64  1 214 347 76  167  80 77   14  73 HRV             
 2000/02/12   34.050   90.880 HRV  33.0 5.1 5.6  16  5.61 12 121  0.02 77 317 -5.63  3 212 257 79    6 166 84  169  99 HRV             
 2000/04/15   32.850   95.650 HRV  33.0 5.2 8.2  16  9.38 12 313 -2.44 67 191 -6.94 18  48  90 68   -4 181 86 -158  48 HRV             
 2000/05/01   37.820   72.430 HRV 152.0 5.6 3.0  17  3.06 12  37 -0.17 74 179 -2.89  9 305  81 75  178 171 88   15  89 HRV             
 2000/05/12   35.975   70.657 PDE  96.0 6.3 3.0  18  2.99 44 320 -0.08  5  55 -2.91 45 150 332  5 -173 235 89  -85  95 GS              
 2000/05/12   36.040   70.530 HRV 105.6 6.3 3.0  18  3.22 35 337 -0.51 16 235 -2.71 50 125 118 18  -27 233 82 -106  68 HRV             
 2000/05/30   36.520   71.540 HRV  90.2 4.9 2.7  16  2.75 48 219 -0.01 39  12 -2.73 14 113 243 46  151 354 69   48  99 HRV             
 2000/06/06   37.020  103.910 HRV  15.0 5.5 2.5  17  2.26 11 320  0.59 68 202 -2.85 19  54  96 68   -6 188 85 -158  59 HRV             
 2000/06/07   26.856   97.238 PDE  12.0 6.2 2.6  18  2.58 72 122 -0.03 14 342 -2.55 11 250 322 36   66 171 58  107  98 GS              
 2000/06/07   26.700   97.150 HRV  37.0 6.3 3.7  18  3.32 57 118  0.84 28 333 -4.16 16 234 290 38   41 166 66  120  60 HRV             
 2000/06/08   26.430   97.410 HRV  18.8 5.1 5.8  16  4.70 71 276  2.15 12 146 -6.85 14  53 126 33   67 333 60  104  37 HRV             
 2000/06/19   35.240   77.430 HRV  40.4 5.4 1.4  17  1.46  8 134 -0.13 77 264 -1.33 10  43 179 77 -179  89 89  -13  82 HRV             
 2000/07/02   24.450   94.670 HRV 103.2 5.2 7.7  16  7.58 48 117  0.33 33 254 -7.91 22 359 133 37  155 244 75   56  92 HRV             
 2000/07/10   32.795   92.202 PDE  14.0 5.3 1.0  17  1.13  6 125 -0.17 11  34 -0.96 77 244 227 40  -73  25 52 -104  70 GS              
 2000/07/10   32.740   92.550 HRV  15.0 5.3 1.3  17  1.17  9 292  0.30 14  25 -1.48 73 169   6 38 -113 214 56  -74  59 HRV             
 2000/07/17   36.283   70.924 PDE 132.0 6.3 3.0  18  3.06 51 325 -0.06 12  71 -3.00 36 170 307 15  147  69 82   78  96 GS              
 2000/07/17   36.240   70.820 HRV 145.5 6.3 3.4  18  3.23 51 308  0.28 23  69 -3.51 30 173 310 26  153  64 79   67  84 HRV             
 2000/07/28   36.530   71.011 PDE 228.0 5.3 1.2  17  1.13 71 119  0.20  7   9 -1.33 17 277 356 28   76 192 63   97  70 GS              
 2000/07/28   36.620   70.900 HRV 237.4 5.3 1.1  17  0.80 59  35  0.52 22 168 -1.32 21 267  31 32  137 159 69   66  21 HRV             
 2000/08/08   41.900   76.830 HRV  33.0 5.0 3.6  16  3.85 86 151 -0.42  3 304 -3.43  2  34 128 43   95 301 47   85  78 HRV             
 2000/09/12   35.389   99.343 PDE  14.0 6.1 1.8  18  1.65  1 288  0.24 81 193 -1.90  9  18  63 83   -6 153 84 -173  75 GS              
 2000/09/12   35.500   99.480 HRV  15.0 6.1 1.8  18  1.91  0 297 -0.31 76  28 -1.60 14 207 343 80 -170 251 80  -10  68 HRV             
 2000/09/13   33.940   95.120 HRV  15.0 5.0 4.1  16  3.98 10 308  0.16 77 171 -4.13  9  39  84 77    1 353 89  167  92 HRV             
 2000/09/20   35.320   99.610 HRV  15.0 5.0 4.4  16  3.79 19 312  1.22 59  77 -5.00 24 213 354 59 -177 262 87  -31  51 HRV             
 2000/10/06   24.180   97.130 HRV  72.7 5.4 1.6  17  1.62 19 101  0.03 71 281 -1.65  0  11 144 77  166 237 77   14  96 HRV             
 2000/10/11   23.580   94.630 HRV 122.3 5.5 2.4  17  3.08 58  62 -1.33  2 155 -1.74 31 246 343 14   98 155 77   88  14 HRV             
 2000/11/13   21.940   93.040 HRV  74.0 5.4 1.7  17  1.43  1  81  0.55 82 343 -1.98  8 171 216 83   -5 307 85 -173  44 HRV             
 2000/11/26   36.230   89.710 HRV  29.5 5.3 1.3  17  1.27 41 142  0.06 37  11 -1.33 27 258 298 38   14 197 82  127  91 HRV             
 2001/01/26   23.419   70.232 PDE  10.0 7.6 2.9  20  2.94 62 315  0.01 13  72 -2.95 24 168 283 24  124  67 70   76  99 GS              
 2001/01/26   23.630   70.240 HRV  19.8 7.6 3.4  20  3.39 59 291  0.09 27  80 -3.48 14 177 298 39  136  66 64   60  95 HRV             
 2001/01/26   23.419   70.232 PDE  20.0 7.7 3.8  20       70 310       13  82       14 175 283 33  115  74 60   75 *** CSEM            
 2001/01/28   23.507   70.517 PDE  11.0 5.7 5.0  17  5.09 79 286 -0.16 11  90 -4.93  3 181 282 43  106  80 49   75  94 GS              
 2001/01/28   23.610   70.610 HRV  15.0 5.7 5.2  17  5.29 75 288 -0.16 14  91 -5.14  4 182 286 43  111  79 51   72  94 HRV             
 2001/01/28   23.507   70.517 PDE  15.0 5.7 4.9  17       76 302       14 107        3 198  95 50   72 302 43  110 *** CSEM            
 2001/01/28   23.740   70.480 HRV  15.0 5.3 1.3  17  1.14 49 277  0.28 22  35 -1.43 32 140 281 24  158  32 81   67  61 HRV             
 2001/02/19   23.720   70.070 HRV  15.0 5.4 1.5  17  1.43 81  60  0.03  8 263 -1.46  3 173 254 42   78  90 49  101  96 HRV             
 2001/02/23   29.513  101.129 PDE  13.0 5.5 2.4  17  2.38 13 352 -0.01 31 254 -2.37 55 102 117 42  -39 237 65 -125  99 GS              
 2001/02/23   29.440  101.320 HRV  33.0 5.6 3.0  17  3.55 12 350 -1.04  9 258 -2.51 75 130  92 34  -73 252 57 -101  41 HRV             
 2001/02/25   36.424   70.881 PDE 196.0 6.1 1.9  18  1.82 73 262  0.15 17  83 -1.97  0 353  66 47   66 279 48  114  85 GS              
 2001/02/25   36.410   70.620 HRV 193.4 6.1 1.7  18  1.69 66 260  0.04 24  83 -1.72  1 353  60 49   57 285 51  122  95 HRV             
 2001/03/01   46.030   93.570 HRV  33.0 5.1 5.5  16  5.96 62 154 -0.90 13 269 -5.06 25   5 121 23  124 265 71   76  70 HRV             
 2001/03/03   23.990   93.430 HRV  64.1 5.2 7.0  16  6.84 15  85  0.32 30 184 -7.17 56 332 140 40 -141  19 66  -57  91 HRV             
 2001/03/05   34.369   86.902 PDE   5.0 5.7 3.9  17  4.03  2 122 -0.26 27 213 -3.77 63  28 187 49 -127  56 53  -55  87 GS              
 2001/03/05   34.470   86.760 HRV  15.0 5.9 8.6  17  8.95 12 126 -0.61 62 238 -8.34 25  30 170 64 -170  76 81  -27  86 HRV             
 2001/04/10   25.350   94.910 HRV 148.7 5.2 9.1  16  9.53 51 199 -0.79 30  65 -8.74 23 321   8 34   28 254 75  121  83 HRV             
 2001/04/12   24.768   99.061 PDE   4.0 5.5 2.5  17  2.55  3 290 -0.02 22 199 -2.53 67  28  42 46  -58 180 52 -119  98 GS              
 2001/04/12   24.770   98.810 HRV  15.0 5.6 3.2  17  3.31  1 288 -0.20 52 197 -3.11 38  19  57 63  -28 161 65 -150  88 HRV             
 2001/05/22   36.410   70.950 HRV 205.9 5.2 8.6  16  8.67 55 215 -0.20 32  10 -8.48 12 108 232 44  141 352 64   54  95 HRV             
 2001/05/23   27.530  101.110 HRV  33.0 5.4 1.8  17  2.04  1 233 -0.54 86 129 -1.50  3 323   8 87   -2  98 88 -177  47 HRV             
 2001/07/09   24.890  101.250 HRV  33.0 5.1 6.4  16  6.71 28  90 -0.59 50 321 -6.12 26 195 233 50    2 142 89  140  82 HRV             
 2001/07/16   32.610   73.140 HRV  85.2 5.1 4.8  16  4.77 62 243  0.01 23 100 -4.78 15   4  65 36   49 292 64  116 100 HRV             
 2001/07/24   37.580   72.190 HRV 190.0 5.1 5.7  16  6.11 33  54 -0.88 22 308 -5.23 49 191 196 24  -21 305 82 -113  71 HRV             
 2001/07/25   33.270   95.850 HRV  33.0 5.5 2.3  17  2.55 16 305 -0.54 50  55 -2.01 35 204 350 53 -164 251 77  -38  58 HRV             
 2001/08/12   24.430   94.990 HRV 142.0 5.0 4.4  16  4.44 62 112 -0.06 26 320 -4.38 12 224 285 40   48 155 61  119  97 HRV             
 2001/08/22   46.510   69.610 HRV  35.3 5.2 8.6  16  9.95 22 111 -2.81 67 279 -7.14  4  20 153 71  167 248 78   19  44 HRV             
 2001/09/02   39.400   72.030 HRV  15.0 5.5 2.0  17  1.91 26 353  0.08 18 253 -1.99 57 132 118 25  -42 248 73 -109  92 HRV             
 2001/09/28   33.000   75.460 HRV  40.5 4.9 2.6  16  2.51 74  10  0.25  8 130 -2.76 14 222 323 32  105 125 59   81  82 HRV             
 2001/10/27   26.316  100.648 PDE  13.0 5.6 2.7  17  2.55  1  74  0.25 80 168 -2.79 10 344 119 82 -173  28 83   -8  82 GS              
 2001/10/27   26.360  101.010 HRV  15.0 5.5 2.6  17  2.86 16 258 -0.56 69 121 -2.30 14 352  35 69    1 305 89  159  61 HRV             
 2001/11/14   35.946   90.541 PDE  37.0 7.4 1.8  20  1.69  6 145  0.18 81 277 -1.86  7  54 189 81 -180  99 90   -9  81 GS              
 2001/11/14   35.800   92.910 HRV  15.0 7.8 5.9  20  5.53 13 319  0.72 59 207 -6.26 28  56  94 61  -12 190 80 -150  77 HRV                         
 2001/11/18   35.726   93.691 PDE   6.0 5.5 2.2  17  2.11 78  20  0.10  6 263 -2.21 11 172 255 35   80  87 56   97  91 GS              
 2001/11/18   35.940   93.510 HRV  15.0 5.6 2.7  17  2.73 74 293 -0.10 14  85 -2.63  7 177 282 40  112  74 54   72  93 HRV             
 2001/11/19   35.763   93.672 PDE   5.0 5.3 1.3  17  1.13 72  87  0.28 18 275 -1.41  2 184 257 45   65 111 50  113  60 GS              
 2001/11/19   35.830   93.520 HRV  15.0 5.3 1.2  17  1.26 89 190 -0.03  0 100 -1.22  1  10 100 44   90 280 46   90  95 HRV             
 2001/11/23   36.392   71.506 PDE  98.0 6.1 1.5  18  1.26 55 244  0.44 31  34 -1.70 14 133 257 41  141  18 66   56  48 GS              
 2001/11/23   36.430   71.500 HRV 100.1 6.0 1.4  18  1.18 60 239  0.45 29  41 -1.63  8 135 254 45  133  22 59   56  45 HRV             
 2001/11/27   29.610   81.750 HRV  15.0 5.5 2.2  17  2.14 48  16  0.17  2 284 -2.30 42 192 257  4   63 104 87   92  85 HRV             
 2001/11/27   28.910   81.490 HRV  15.0 5.4 1.6  17  1.48 70  46  0.23  8 295 -1.71 18 202 280 28   73 119 64   99  73 HRV             
 2001/11/30   36.070   91.110 HRV  15.0 5.2 7.8  16  8.39 23 139 -1.10 28 242 -7.29 52  16 187 34 -149  71 74  -60  74 HRV             
 2001/12/01   35.580   93.930 HRV  15.0 5.1 5.2  16  4.08 19 200  2.22 27 299 -6.30 56  79 254 36 -141 131 69  -61  30 HRV             
 2001/12/08   36.070   93.130 HRV  15.0 5.2 8.5  16  1.09 23 324 -0.48 22 224 -0.61 57  94  89 30  -40 216 71 -113  12 HRV             
 2002/01/03   36.088   70.687 PDE 118.0 6.1 1.9  18  1.93 65 339 -0.11  7 235 -1.81 24 141 217 22   71  57 70   97  89 GS              
 2002/01/03   35.710   70.760 HRV 123.0 6.1 1.5  18  1.51 70 344 -0.07  8 232 -1.44 18 139 216 27   72  56 64   99  91 HRV             
 2002/01/27   33.320   75.910 HRV  28.8 5.2 8.5  16  0.65 38  73  0.40 20 326 -1.06 45 215 225 20  -11 325 86 -110  25 HRV             
 2002/03/03   36.502   70.482 PDE 214.0 7.3 1.1  20  1.21 67  24 -0.14  2 117 -1.07 23 208 301 22   94 116 68   88  77 GS              
 2002/03/03   36.570   70.420 HRV 228.5 7.3 1.3  20  1.29 67  22 -0.03  2 287 -1.25 23 196 282 22   85 108 68   92  95 HRV             
 2002/03/22   37.480   70.400 HRV  75.7 4.9 2.4  16  2.46  9 229 -0.07 81  49 -2.38  0 139 273 83  173   4 83    7  94 HRV             
 2002/04/14   38.531   73.405 PDE 116.0 5.4 1.7  17  1.65  7  76  0.03 53 176 -1.69 36 341 125 60 -157  23 70  -32  96 GS              
 2002/04/14   38.410   73.380 HRV 139.7 5.5 2.1  17  2.00  2  74  0.19 54 167 -2.19 36 343 125 64 -155  23 67  -28  83 HRV             
 2002/06/04   30.595   81.440 PDE   6.0 5.5 1.9  17  1.90 10  99 -0.05 31 195 -1.85 57 353 157 44 -137  33 62  -55  95 GS              
 2002/06/04   30.130   81.250 HRV  15.0 5.6 3.0  17  2.82  3  96  0.33 29 187 -3.15 61   0 159 49 -130  31 55  -53  79 HRV             
 2002/06/29   34.060   94.280 HRV  33.0 5.6 3.0  17  3.29  4 315 -0.51 86 135 -2.78  0  45  90 87    3   0 87  177  69 HRV             
 2002/08/08   30.916   99.927 PDE   8.0 5.2 7.2  16  7.24  1 165 -0.04  2 255 -7.19 88  46 253 44  -93  77 46  -87  99 GS              
 2002/08/08   30.690   99.950 HRV  55.1 5.3 1.0  17  1.02  4 359 -0.12  2 269 -0.90 85 147  92 41  -86 267 49  -93  76 HRV             
 2002/09/03   35.780   70.560 HRV 224.4 5.1 6.1  16  7.40 50 330 -2.67 35 116 -4.73 18 218 348 41  150 102 71   53  28 HRV             
 2002/09/05   39.680   71.960 HRV  31.6 5.4 1.7  17  1.92 20  56 -0.46 61 186 -1.45 21 318  97 61 -179   7 90  -29  52 HRV             
 2002/09/27   32.950   93.490 HRV  33.0 5.1 5.3  16  4.76  0 126  1.09 77 216 -5.86 13  36 172 81 -171  80 81   -9  63 HRV             
 2002/09/29   36.194   70.094 PDE 137.0 5.1 6.6  16  5.76 78 241  1.58 10  97 -7.35  7   6  85 39   74 285 53  102  57 GS              
 2002/09/29   36.630   70.160 HRV 142.8 5.1 6.4  16  6.42 79 295 -0.04 10  99 -6.38  3 189 290 43  105  90 49   76  99 HRV             
 2002/10/01   36.160   70.710 HRV 161.4 5.1 6.6  16  6.38  7 288  0.51 42  25 -6.89 47 190 342 52 -147 230 65  -42  85 HRV             
 2002/10/16   21.160   93.160 HRV  45.9 5.1 5.5  16  5.27  8 246  0.45 25 339 -5.72 64 140 310 43 -128 177 57  -60  84 HRV             
 2002/10/19   35.720   92.870 HRV  33.0 5.1 5.1  16  4.52  0 139  1.15 70 229 -5.67 20  49 186 76 -166  92 76  -14  59 HRV             
 2002/10/26   35.180   96.140 HRV  33.0 5.3 1.3  17  1.33 11 327 -0.02 78 120 -1.30  5 235  11 78  176 101 86   12  97 HRV             
 2002/11/01   39.950   72.100 HRV  33.0 5.0 3.8  16  4.41 22  49 -1.21 57 177 -3.19 23 309  89 57 -179 358 89  -33  45 HRV             
 2002/11/01   35.560   74.640 HRV  33.0 5.3 1.2  17  1.14  3 126  0.08  0  36 -1.22 87 306 216 42  -90  36 48  -90  87 HRV             
 2002/11/03   35.100   74.700 HRV  16.8 5.3 1.0  17  1.06 17 299 -0.05 10 206 -1.02 70  86  45 30  -69 201 62 -102  91 HRV             
 2002/11/20   35.414   74.515 PDE   5.0 6.0 1.1  18  1.13  6 118 -0.03 11 209 -1.10 77   0 195 40 -108  38 52  -75  95 GS              
 2002/11/20   35.520   74.660 HRV  15.0 6.3 3.5  18  3.26 17 134  0.57 13 229 -3.83 68 354 204 30 -117  55 64  -75  70 HRV             
 2002/12/14   39.736   97.443 PDE   4.0 5.6 3.0  17  2.96 82  59  0.02  7 275 -2.98  5 184 267 41   80 101 50   99  99 GS              
 2002/12/14   39.850   97.230 HRV  15.0 5.5 2.3  17  2.32 78 163 -0.02  4 272 -2.30 11   3  98 34   97 269 56   85  98 HRV             
 2002/12/25   39.570   75.254 PDE   7.0 5.6 3.7  17  3.57 33 297  0.17 53  88 -3.74 14 197 332 56  165  71 78   35  91 GS              
 2002/12/25   38.950   74.900 HRV  15.0 5.6 3.5  17  3.52 46 307 -0.04 33  79 -3.49 26 187 325 36  160  71 79   56  98 HRV             
 2003/01/04   39.720   77.110 HRV  33.0 5.2 8.3  16  8.58  1 293 -0.59 64  26 -8.00 26 203 341 71 -162 245 73  -20  86 HRV             
 2003/02/11   32.550   93.670 HRV  46.1 5.1 5.0  16  4.88 12 267  0.26 16 174 -5.13 70  34  17 35  -62 164 59 -108  90 HRV             
 2003/02/13   44.040   85.410 HRV  45.2 5.3 1.1  17  1.01 69 226  0.14 14  96 -1.15 15   2  73 32   64 283 62  105  76 HRV             
 2003/02/24   39.610   77.230 PDE   6.0 6.2 2.8  18  2.70 51 353  0.20  1  84 -2.90 39 175 273  6   99  84 84   89  86 GS              
 2003/02/24   39.370   77.240 HRV  24.0 6.3 3.7  18  2.74 69  37  2.01 15 263 -4.75 15 169 239 33   62  92 61  107  15 HRV             
 2003/02/24   39.350   77.040 HRV  15.0 5.2 7.0  16  7.37 65 302 -0.83 19  78 -6.55 16 174 289 33  126  69 64   69  77 HRV             
 2003/02/25   39.520   77.620 HRV  15.0 5.3 1.2  17  1.24 19  67 -0.12 71 247 -1.11  0 337 110 77  166 203 77   14  81 HRV             
 2003/03/12   39.362   77.426 PDE   6.0 5.5 2.6  17  2.28 80  28  0.57  6 260 -2.85  8 170 253 38   80  85 53   97  60 GS              
 2003/03/12   39.290   77.320 HRV  15.0 5.7 4.2  17  3.57 74  24  1.28  9 259 -4.85 13 167 245 33   73  85 58  101  47 HRV             
 2003/03/15   39.740   77.470 HRV  15.0 5.0 4.4  16  4.18 24 290  0.39 57  63 -4.57 22 190 330 57  178  61 89   33  83 HRV             
 2003/03/25   26.920   89.820 HRV  55.8 5.4 1.7  17  1.94  1 268 -0.43 61 177 -1.51 29 358  40 70  -21 137 71 -159  56 HRV             
 2003/03/29   35.976   70.585 PDE  97.0 5.9 9.0  17  9.18 44  20 -0.42 44 221 -8.76 10 121 171 52   28  63 69  138  91 GS              
 2003/03/29   35.770   70.440 HRV 108.8 5.8 6.6  17  6.98 47  25 -0.86 42 220 -6.12  7 123 177 52   33  65 64  138  75 HRV             
 2003/03/30   39.020   77.460 HRV  41.6 5.2 9.2  16  9.30 79   5 -0.20  0 273 -9.10 11 183 273 34   89  93 56   90  96 HRV             
 2003/04/02   35.820   70.500 HRV 119.3 5.2 7.2  16  7.19 29   2  0.04 59 206 -7.23 10  98 143 62   14  47 78  151  99 HRV             
 2003/04/17   37.529   96.476 PDE  10.0 6.2 2.2  18  2.17 73  73 -0.02 15 281 -2.14  8 189 262 40   66 112 54  109  98 GS              
 2003/04/17   37.530   96.450 HRV  16.0 6.3 4.1  18  4.09 74  29  0.07  1 296 -4.16 16 205 294 29   88 116 61   91  97 HRV             
 2003/04/25   36.170   71.340 HRV 104.9 5.0 4.7  16  4.85 72   8 -0.25  4 264 -4.60 17 172 255 28   81  86 63   95  90 HRV             
 2003/05/04   38.860   77.390 HRV  15.0 5.8 5.7  17  5.89 24 269 -0.45 53  36 -5.45 26 166 308 53 -179 218 89  -37  85 HRV             
 2003/05/05   40.970   72.240 HRV  46.0 5.1 5.9  16  5.99 77 301 -0.23 10  78 -5.76  9 170 271 37  106  71 55   78  92 HRV             
 2003/05/07   48.450   89.570 HRV  33.0 5.1 6.4  16  5.65 57 292  1.44 33 106 -7.08  3 198 317 51  134  80 56   49  59 HRV             
 2003/05/20   32.530   93.230 HRV  33.0 5.1 6.2  16  7.65 23 273 -2.99 24 172 -4.67 56  41  40 31  -38 164 72 -115  22 HRV             
 2003/05/22   42.810   72.780 HRV  27.6 5.5 2.2  17  2.08 51 264  0.29 37 109 -2.36 12   9  62 46   34 307 67  131  75 HRV             
 2003/05/24   32.160   92.290 HRV  33.0 5.0 4.6  16  4.52 28 251  0.21  3 159 -4.72 62  63 349 17  -80 158 73  -93  91 HRV             
 2003/05/24   32.590   92.360 HRV  33.0 5.0 4.5  16  4.25 17 271  0.45  6   3 -4.69 72 112 352 28 -103 186 62  -83  81 HRV             
 2003/05/29   35.870   80.380 HRV  33.0 5.0 4.1  16  4.30 58 248 -0.43 16 130 -3.87 27  32  88 23   45 315 74  107  80 HRV             
 2003/06/04   39.660   77.690 HRV  15.0 5.2 7.1  16  6.72 80 195  0.80  2  93 -7.53  9   3  90 36   87 274 54   92  79 HRV             
 2003/07/07   34.606   89.475 PDE   5.0 5.5 2.1  17  2.09  2 112  0.01  1 202 -2.10 88 320 201 43  -91  23 47  -89  99 GS              
 2003/07/07   34.670   89.590 HRV  33.0 5.8 5.8  17  6.22  2 286 -0.85 79 186 -5.37 10  16  60 81   -6 151 84 -171  73 HRV             
 2003/07/21   25.975  101.290 PDE  14.0 5.9 1.0  18  0.97 11  65  0.13 78 226 -1.10  4 334 109 80  175 200 85   10  76 GS              
 2003/07/21   25.980  101.320 HRV  15.0 5.9 8.6  17  8.50  3  65  0.20 78 321 -8.70 11 155 200 80   -6 291 84 -170  95 HRV             
 2003/07/26   22.854   92.306 PDE  11.0 5.6 3.2  17  3.60 76 110 -0.87 13 315 -2.73  6 224 300 41   70 145 52  106  52 GS              
 2003/07/26   22.900   92.310 HRV  15.0 5.6 3.5  17  3.23 76  93  0.61  4 346 -3.84 13 255 338 32   82 168 59   95  68 HRV             
 2003/07/27   22.830   92.340 HRV  15.0 5.4 1.7  17  1.91 61  95 -0.45  1   4 -1.47 29 273   2 16   88 184 74   91  53 HRV             
 2003/08/05   23.690   70.430 HRV  15.0 5.0 3.4  16  3.77 66 353 -0.72  9 242 -3.05 22 148 221 24   68  65 68  100  62 HRV             
 2003/08/18   29.573   95.605 PDE   9.0 5.4 1.8  17  1.81  1 293  0.00 73 199 -1.81 17  23  67 77  -11 159 79 -167 100 GS              
 2003/08/18   29.260   95.910 HRV  33.0 5.5 2.3  17  2.29  5 290  0.04 75 179 -2.33 14  21  65 77   -6 156 84 -167  97 HRV             
 2003/09/01   38.599   75.325 PDE   7.0 5.6 2.7  17  2.66  2  73  0.15 15 163 -2.82 75 334 148 45 -111 357 49  -70  89 GS              
 2003/09/01   38.710   75.320 HRV  15.0 5.7 4.3  17  4.78 14  57 -0.91 40 160 -3.87 46 312 107 47 -153 358 71  -46  62 HRV             
 2003/09/16   29.030  100.970 HRV  33.0 4.9 2.4  16  2.31 24 353  0.23 11  88 -2.54 63 200  61 23 -119 272 70  -79  82 HRV             
 2003/09/26   40.200   77.050 HRV  15.0 5.3 1.3  17  1.50 55  62 -0.39  7 322 -1.11 34 227 290 13   58 143 79   97  48 HRV             
 2003/10/16   25.954  101.254 PDE  25.0 5.5 2.1  17  2.10 22  57  0.02 60 192 -2.13 20 319  97 60  178 189 88   30  98 GS              
 2003/10/16   25.890  101.520 HRV  33.0 5.6 2.9  17  3.07  1 243 -0.38 88 135 -2.69  2 333  18 88   -1 108 89 -178  75 HRV             
 2003/10/23   49.640   88.160 HRV  15.0 5.1 4.8  16  4.78  4 124  0.13 70 226 -4.90 20  33 170 73 -169  77 79  -17  95 HRV             
 2003/10/25   38.400  100.951 PDE   7.0 5.7 5.2  17  5.18 80 105  0.07  9 312 -5.24  5 221 301 41   76 139 50  102  97 GS              
 2003/10/25   38.300  101.020 HRV  15.0 5.8 5.6  17  3.84 66 290  3.50 22 136 -7.34 10  42 108 40   55 331 58  116   5 HRV             
 2003/10/25   38.383  100.975 PDE   5.0 5.7 4.0  17  3.57 66 287  0.81 24 116 -4.38  3  24  91 47   56 315 53  121  63 GS              
 2003/10/25   38.150  100.840 HRV  15.0 5.8 6.1  17  6.51 38 298 -0.89 49 142 -5.62 12  38  85 54   21 343 73  142  73 HRV             
 2003/11/13   34.610  104.100 HRV  15.0 5.1 5.5  16  6.04 65 173 -1.13 23  16 -4.91  9 282 347 42   53 212 58  118  63 HRV             
 2003/11/14   27.680  103.210 HRV  15.0 5.6 2.8  17  2.72 30 214  0.09 35 328 -2.81 40  94 250 36 -170 152 84  -55  94 HRV             
 2003/12/01   42.905   80.515 PDE   8.0 5.8 6.9  17  6.99 71 341 -0.15  0  71 -6.84 19 161 251 26   90  71 64   90  96 GS              
 2003/12/01   42.930   80.500 HRV  15.0 6.0 1.1  18  1.09 56 329 -0.03  7  70 -1.06 33 165 281 14  122  69 78   83  94 HRV             
 2004/01/16   42.650   75.390 HRV  30.2 4.9 2.4  16  2.18 87   3  0.36  0 267 -2.55  3 177 267 42   90  88 48   90  72 HRV             
 2004/02/10   32.600   83.420 HRV  28.8 4.9 2.6  16  2.60 11 280  0.04 15  13 -2.65 71 156 351 37 -116 203 58  -72  97 HRV             
 2004/02/14   34.774   73.216 PDE   8.0 5.5 1.9  17  1.94 83 278 -0.04  5 133 -1.89  4  42 127 42   82 318 49   97  96 GS              
 2004/02/14   34.750   73.220 HRV  12.0 5.4 1.6  17  1.59 65 311  0.06 25 134 -1.64  1  44 111 49   57 336 51  122  93 HRV             
 2004/02/14   34.798   73.206 PDE   9.0 5.3 1.2  17  1.26 84 315 -0.05  5 125 -1.21  1 215 310 44   98 119 46   82  92 GS              
 2004/02/14   34.780   73.120 HRV  19.0 5.3 1.1  17  1.08 70 342  0.08 18 136 -1.16  8 229 339 40  119 123 56   68  86 HRV             
 2004/02/15   36.600   78.580 HRV  21.6 4.8 1.7  16  1.69 14 190  0.03  9  98 -1.71 74 337 291 32  -74  92 59 -100  96 HRV             
 2004/02/23   37.470   71.570 HRV 119.2 5.1 5.0  16  5.17 48 165 -0.42 23  47 -4.75 33 301 339 25   20 230 82  113  84 HRV             
 2004/02/24   37.660   96.610 HRV  23.0 5.0 4.5  16  4.97  1  96 -0.93 87 213 -4.03  3   6 141 87 -179  51 89   -3  63 HRV             
 2004/03/02   37.610   96.520 HRV  21.1 4.9 2.4  16  2.33 86 159  0.13  2 277 -2.47  4   8 100 41   93 276 49   87  89 HRV             
 2004/03/06   33.260   92.130 HRV  12.0 5.0 4.1  16  4.15  6 133 -0.02 28 226 -4.12 61  31 195 46 -131  66 57  -56  99 HRV             
 2004/03/07   31.600   91.330 HRV  20.7 5.6 2.7  17  2.98  2 280 -0.59 78  19 -2.40 12 190 326 80 -173 235 83  -10  60 HRV             
 2004/03/12   36.397   70.774 PDE 215.0 5.7 5.0  17  5.16 74 308 -0.31 15 115 -4.85  3 206 312 44  112 102 50   70  88 GS              
 2004/03/12   36.380   70.600 HRV 215.2 5.6 3.6  17  3.68 67 338 -0.18  6  83 -3.50 22 175 277 23  106  80 68   83  90 HRV             
 2004/03/16   37.558   96.668 PDE  19.0 5.2 6.8  16  6.73 70 193  0.11 14  60 -6.84 14 327  38 33   64 249 60  106  97 GS              
 2004/03/16   37.600   96.560 HRV  13.0 5.1 5.1  16  4.59 72 128  1.04 17 287 -5.62  6  19 127 42  116 274 53   69  63 HRV             
 2004/03/21   38.790   73.150 HRV 111.1 5.3 1.0  17  1.02 28 267  0.04 61  99 -1.06  5 360  47 67   17 310 74  156  92 HRV             
 2004/03/27   33.954   89.179 PDE   5.0 6.0 1.1  18  1.03  8 118  0.04  3  28 -1.07 82 275 212 38  -85  25 53  -94  93 GS              
 2004/03/27   34.000   89.350 HRV  12.0 6.0 1.1  18  1.33  2 108 -0.43 10 198 -0.89 79   6 187 44 -105  28 48  -76  35 HRV             
 2004/03/27   33.870   89.190 HRV  18.4 5.0 3.9  16  3.53 15 285  0.76 23 188 -4.29 62  46  44 36  -49 176 64 -115  65 HRV             
 2004/03/28   34.070   89.370 HRV  17.7 5.2 7.1  16  7.17  1 283 -0.23 50 192 -6.94 40  14  51 62  -30 156 64 -149  94 HRV             
 2004/03/28   33.910   89.280 HRV  16.9 5.1 5.3  16  5.55  7 283 -0.43 36 188 -5.13 53  22  46 50  -39 164 61 -132  85 HRV             
 2004/04/05   36.512   71.029 PDE 178.0 6.5 7.5  18  7.72 59 307 -0.46 19  71 -7.26 24 170 293 27  135  64 71   70  88 GS              
 2004/04/05   36.520   70.840 HRV 183.5 6.5 6.3  18  6.35 57 299 -0.08 21  65 -6.28 24 164 290 28  139  58 72   68  97 HRV             
 2004/04/06   33.830   89.250 HRV  12.0 5.1 4.8  16  4.85  1 106 -0.09 24 197 -4.76 66  14 174 49 -123  39 51  -58  96 HRV             
 2004/04/22   33.880   89.330 HRV  17.7 5.2 7.5  16  8.20  3 279 -1.40 29 188 -6.80 61  15  36 49  -50 165 54 -126  66 HRV             
 2004/04/30   37.500   71.100 HRV  73.2 4.9 2.4  16  2.31 32 100  0.14 58 282 -2.45  1 191 240 67   23 141 69  155  89 HRV             
 2004/05/04   37.506   96.758 PDE  14.0 5.5 2.0  17  1.90  1  93  0.20 82 354 -2.09  8 183 227 83   -5 318 85 -173  81 GS              
 2004/05/04   37.600   96.650 HRV  18.6 5.3 1.3  17  1.45  9 101 -0.24 81 269 -1.21  2  11 145 83  175 236 85    7  67 HRV             
 2004/05/04   37.610   96.620 HRV  21.6 5.2 7.7  16  8.50  1  95 -1.70 87 198 -6.80  3   5 140 87 -178  50 88   -3  60 HRV             
 2004/05/07   36.280   70.980 HRV 130.8 5.1 6.1  16  5.70  1 267  0.86 74   2 -6.56 16 177 313 78 -170 221 80  -12  74 HRV             
 2004/05/10   37.485   96.604 PDE   7.0 5.6 2.9  17  2.85 60  64  0.12 27 275 -2.97 14 178 237 39   45 110 64  120  92 GS              
 2004/05/10   37.550   96.580 HRV  12.0 5.5 2.3  17  2.09 72  58  0.48 11 290 -2.57 13 197 272 33   69 116 59  103  63 HRV             
 2004/05/16   36.470   71.180 HRV 121.4 5.1 5.8  16  5.78 52 234  0.11 34  85 -5.90 15 344  37 42   34 280 68  127  96 HRV             
 2004/05/23   34.050   89.360 HRV  12.0 4.8 2.2  16  2.31  2 285 -0.17 28  16 -2.13 62 192 349 50 -128 220 53  -54  85 HRV             
 2004/05/23   34.100   89.420 HRV  12.0 4.9 2.5  16  2.87  6 287 -0.77 16  19 -2.10 73 177   0 41 -114 211 53  -70  46 HRV             
 2004/05/23   34.040   89.420 HRV  12.0 5.3 1.1  17  1.35  4 103 -0.41 58 200 -0.93 31  11 152 65 -160  53 72  -26  39 HRV             
 2004/05/23   33.870   89.290 HRV  12.1 4.8 2.2  16  2.22  8 285  0.06 47 186 -2.28 42  21  54 56  -27 160 68 -143  95 HRV             
 2004/05/24   27.060   97.210 HRV  26.5 4.9 3.0  16  2.53 78 335  0.85 12 147 -3.38  2 238 339 45  107 136 48   74  50 HRV             
 2004/06/06   43.300   94.640 HRV  36.7 4.8 1.7  16  1.91 55 153 -0.46 31 305 -1.45 14  43 168 42  142 288 66   55  52 HRV             
 2004/06/29   35.750   92.540 HRV  17.1 5.3 1.1  17  1.16  9 319 -0.22 59 214 -0.94 29  54  93 63  -15 190 76 -152  62 HRV             
 2004/07/03   34.090   89.410 HRV  13.6 5.2 9.0  16  1.08  2 284 -0.36 57 191 -0.71 33  16  55 65  -24 155 69 -154  33 HRV             
 2004/07/11   30.694   83.672 PDE   8.0 6.2 2.2  18  2.20  1  82 -0.07  9 172 -2.12 81 348 162 45 -103   1 46  -77  94 GS              
 2004/07/11   30.560   83.780 HRV  13.0 6.2 2.4  18  2.50  1 257 -0.28 12 167 -2.22 78 351 359 45  -74 156 47 -106  78 HRV             
 2004/07/15   35.890   70.480 HRV  50.7 5.4 1.5  17  1.52 37 339 -0.02 50 185 -1.51 13  79 126 54   19  25 74  143  97 HRV             
 2004/08/10   36.444   70.796 PDE 198.0 6.0 1.1  18  1.15 69  29 -0.10  4 288 -1.05 20 196 279 25   80 110 65   95  83 GS              
 2004/08/10   36.520   70.600 HRV 205.7 6.0 1.2  18  1.23 64  33 -0.05  5 292 -1.18 25 199 277 20   74 114 71   96  92 HRV             
 2004/08/10   27.160  103.780 HRV  15.1 5.3 1.2  17  1.28  4  21 -0.16 85 230 -1.12  2 111 156 85    1  66 89  175  75 HRV             
 2004/08/24   32.542   92.190 PDE  11.0 5.4 1.4  17  1.50  8 295 -0.09 13  27 -1.40 74 174  10 39 -111 217 54  -74  88 GS              
 2004/08/24   32.500   92.280 HRV  12.0 5.5 2.3  17  2.78 11 284 -0.87 41 184 -1.90 47  26  52 49  -30 163 68 -135  37 HRV             
 2004/08/26   33.760  104.900 HRV  18.2 4.6 1.0  16  0.84 53 175  0.28 35  16 -1.11 10 278 334 46   38 216 64  130  50 HRV             
 2004/09/27   29.780   95.700 HRV  31.1 4.9 3.3  16  4.02  5  81 -1.46 78 194 -2.57 11 350 126 79 -176  35 86  -11  27 HRV             
 2004/10/06   36.446   70.760 PDE 202.0 5.3 1.1  17  0.88 65  17  0.37  3 279 -1.26 25 188 270 20   80 101 70   94  41 GS              
 2004/10/06   36.490   70.640 HRV 202.1 5.3 1.0  17  1.07 63  23 -0.09  5 283 -0.98 26 191 269 19   75 105 72   95  83 HRV             
 2004/10/07   40.380   77.510 HRV  16.9 4.8 2.1  16  2.20 58 359 -0.15  4 262 -2.05 32 170 245 14   72  83 77   94  86 HRV             
 2004/10/08   24.340   94.350 HRV  77.5 4.8 2.3  16  2.09 50 116  0.39 38 272 -2.48 12  11 139 46  147 252 67   48  69 HRV             
 2004/10/11   46.030   96.500 HRV  23.1 4.9 2.7  16  3.14 80 340 -0.87  8 122 -2.26  6 212 312 39  103 115 52   79  45 HRV             
 2004/10/16   36.730   70.890 HRV  99.3 4.9 3.3  16  3.04 66 348  0.56  4  87 -3.60 23 179 277 22  101  85 69   86  69 HRV             
 2004/10/26   31.024   81.154 PDE   9.0 5.4 1.8  17  1.77  3  62  0.09 12 152 -1.86 78 319 140 44 -107 343 49  -74  90 GS              
 2004/10/26   30.880   80.970 HRV  12.0 5.6 3.3  17  3.94  2  65 -1.27 68 159 -2.67 22 334 112 73 -165  17 76  -17  36 HRV             
 2004/10/27   45.087   80.162 PDE   5.0 5.3 9.8  16  9.87 65 299 -0.23 18  75 -9.65 16 170 285 33  125  66 63   70  95 GS              
 2004/10/27   45.140   80.160 HRV  20.0 5.1 6.3  16  5.76 49 276  1.01 40  80 -6.77  8 177 303 51  146  56 64   44  70 HRV             
 2004/10/31   34.910   74.440 HRV  20.3 4.7 1.4  16  1.33 23 159  0.19  1 249 -1.52 67 341 247 22  -92  70 68  -89  75 HRV             
 2004/10/31   35.200   74.370 HRV  14.7 4.9 3.2  16  3.17  0 352  0.00 68  82 -3.17 22 261  39 74 -164 304 75  -16 100 HRV             
 2004/10/31   35.160   74.340 HRV  12.0 5.1 5.0  16  4.98 11 145  0.05 15  52 -5.03 72 271 253 36  -65  42 58 -107  98 HRV             
 2004/11/17   39.440   71.750 HRV  25.5 5.1 5.1  16  5.57  8  60 -0.93 82 257 -4.63  2 150 195 83    4 104 86  173  67 HRV             
 2004/11/17   39.189   71.857 PDE  21.0 5.7 4.5  17  4.09  1  52  0.83 82 149 -4.91  8 322  97 84 -175   7 85   -6  66 GS              
 2004/11/17   39.270   71.760 HRV  23.0 5.8 6.0  17  6.27  1  50 -0.57 88 297 -5.70  2 140 185 88   -1 275 89 -178  82 HRV             
 2004/11/18   39.140   71.740 HRV  26.8 4.9 3.3  16  3.02  7 273  0.48 74 157 -3.51 14   5  49 75   -5 140 85 -165  73 HRV             
 2004/11/18   39.280   71.710 HRV  12.0 4.8 1.7  16  1.40 31  59  0.57 58 256 -1.98  8 154 201 63   18 102 74  152  42 HRV             
 2004/11/19   32.170   92.890 HRV  21.8 4.8 2.2  16  2.75  3 103 -1.18 62 200 -1.57 28  12 151 68 -162  54 73  -23  14 HRV             
 2004/11/21   39.300   71.700 HRV  74.8 5.0 4.2  16  4.16  4 243  0.05 10 333 -4.20 79 131 322 42 -105 162 50  -77  98 HRV             
 2004/12/09   24.757   92.539 PDE  42.0 5.4 1.6  17  1.62 35  68 -0.01 33 311 -1.61 37 191 218 33   -2 310 89 -123  99 GS              
 2004/12/09   24.660   92.720 HRV  39.4 5.3 1.3  17  1.03 51  82  0.46 35 293 -1.49 16 192 243 42   32 128 69  128  38 HRV             
 2004/12/10   35.830   93.350 HRV  19.4 5.0 3.7  16  2.61 59 320  2.13 31 129 -4.73  5 222 341 48  133 106 57   52  10 HRV             
 2005/01/18   22.730   94.520 HRV  88.7 4.8 2.2  16  2.04 53  93  0.37 24 327 -2.41 27 224 271 28   31 153 76  115  69 HRV             
 2005/02/03   26.040   95.580 HRV  78.6 4.9 2.6  16  2.66 31 148 -0.17 21  44 -2.49 51 286 286 24  -26  40 80 -112  87 HRV             
 2005/02/14   41.728   79.440 PDE  18.0 6.0 1.1  18  1.10 51 339 -0.02 11  82 -1.08 37 181 320 13  148  81 83   79  96 GS              
 2005/02/14   41.720   79.270 HRV  23.0 6.1 1.7  18  1.64 49 340  0.08  9  80 -1.72 40 177 321 10  152  79 85   81  91 HRV             
 2005/02/15   24.520   92.610 HRV  27.2 5.0 4.2  16  4.34 23 105 -0.32 51 226 -4.02 30   1 145 52 -174  52 86  -38  85 HRV             
 2005/02/15   47.690   89.610 HRV  13.2 4.6 1.0  16  1.05  6 270 -0.02 84 100 -1.03  1 360  45 85    3 314 87  175  96 HRV             
 2005/02/15   24.400   94.620 HRV  60.4 5.2 7.9  16  7.86 40 132 -0.03 50 318 -7.83  3 225 276 61   28 171 65  147  99 HRV             
 2005/02/25   38.107   72.707 PDE 120.0 5.7 4.3  17  4.20  8 219  0.10 31 124 -4.30 58 321 339 46  -45 104 60 -126  95 GS              
 2005/02/25   38.180   72.400 HRV 134.4 5.7 3.9  17  3.74 12 217  0.38 35 119 -4.11 53 324 343 45  -36 100 66 -129  82 HRV             
 2005/03/02   36.510   71.050 HRV 106.8 4.9 3.0  16  2.90 61 235  0.25 28  64 -3.17  4 332  35 48   50 266 55  125  84 HRV             
 2005/03/23   26.170   95.430 HRV  79.0 4.9 3.2  16  3.15 33 100  0.12 42 226 -3.27 30 348 132 42  177 225 88   48  93 HRV             
 2005/03/24   39.810   77.990 HRV  30.7 4.8 1.9  16  1.47 53  16  0.90 29 240 -2.37 22 137 187 35   32  70 73  120  24 HRV             
 2005/03/25   25.540   94.920 HRV  83.0 5.2 7.5  16  7.74 21 110 -0.49 64 252 -7.25 15  15 151 65  176 243 86   25  87 HRV             
 2005/03/26   28.080   87.950 HRV  69.6 4.7 1.6  16  1.64 20  68 -0.03 62 202 -1.61 19 331 109 62  179 200 89   28  96 HRV             
 2005/04/06   41.480   78.700 HRV  29.8 5.1 6.1  16  5.86 78 300  0.51 11  95 -6.37  5 186 288 41  107  86 51   76  84 HRV             
 2005/04/07   30.491   83.662 PDE   6.0 6.2 2.4  18  2.47  1 261 -0.08  4 351 -2.40 86 162 347 44  -96 175 46  -84  94 GS              
 2005/04/07   30.240   83.770 HRV  12.0 6.3 3.4  18  3.73  2  80 -0.77  0 170 -2.97 88 271 170 43  -91 351 47  -89  59 HRV             
 2005/04/07   30.540   83.720 HRV  19.1 5.4 1.8  17  1.50 15  74  0.49 19 338 -2.00 65 199 189 34  -54 328 63 -112  51 HRV             
 2005/04/08   30.250   83.760 HRV  19.6 5.0 4.5  16  5.08  1  83 -1.23  4 353 -3.86 86 181 177 45  -84 349 46  -96  52 HRV             
 2005/06/01   35.700   89.560 HRV  21.4 4.9 2.8  16  3.18  2 295 -0.86 62  28 -2.32 28 204 343 69 -161 246 72  -22  46 HRV             
 2005/06/01   28.881   94.626 PDE  18.0 5.7 4.1  17  4.15 46   7 -0.12  8 269 -4.03 43 172 193  8   14  89 88   98  94 GS              
 2005/06/01   28.810   94.720 HRV  19.0 5.8 7.0  17  6.75 47   8  0.41  5 273 -7.16 42 178 209  6   26  93 87   95  89 HRV             
 2005/06/20   36.390   71.120 HRV 244.3 5.3 1.1  17  1.31 80 188 -0.37  3 294 -0.94 10  24 118 35   95 292 55   87  44 HRV             
 2005/06/23   39.830   73.050 HRV  31.9 4.7 1.3  16  1.15 63 279  0.35 25  80 -1.50  7 174 290 44  128  62 57   59  53 HRV             
 2005/07/01   36.569   71.320 PDE  79.0 5.5 2.0  17  2.13 20  40 -0.27 67 253 -1.86 12 135 179 67    6  86 84  157  75 GS              
 2005/07/01   36.790   71.060 HRV 100.1 5.6 2.7  17  2.76 13  51 -0.16 72 276 -2.60 12 144 187 72    1  97 89  162  88 HRV             
 2005/07/17   20.800   95.090 HRV 121.6 5.0 3.4  16  3.17 64  57  0.39 21 273 -3.56 14 178 241 36   53 105 62  114  78 HRV             
 2005/07/20   43.010  109.060 HRV  12.0 5.0 4.5  16  4.61 66  10 -0.16 22 165 -4.45  9 259  13 41  125 150 58   64  93 HRV             
 2005/07/20   43.066  109.017 PDE  20.0 5.2 9.1  16  9.05 63 151  0.05 26 325 -9.10  2  56 171 49  127 303 53   56  99 GS              
 2005/07/20   43.040  109.040 HRV  12.0 5.2 7.4  16  6.99 85 295  0.74  3 169 -7.73  4  79 166 41   86 352 49   94  81 HRV             
 2005/07/23   36.387   70.718 PDE 206.0 5.5 2.3  17  2.46 71  62 -0.41 10 299 -2.05 16 206 281 31   69 125 61  102  67 GS              
 2005/07/23   36.400   70.650 HRV 212.9 5.5 2.3  17  2.31 64  66 -0.08 12 310 -2.23 22 215 282 25   60 135 69  103  93 HRV             
 2005/07/26   42.560  104.330 HRV  24.5 5.1 5.8  16  6.04 33 332 -0.44 56 169 -5.60  8  67 115 61   19  15 73  150  85 HRV             
 2005/08/05   26.460  103.190 HRV  27.0 5.2 8.8  16  1.06 11 208 -0.36 73 335 -0.71 13 115 252 73 -178 161 88  -17  32 HRV             
 2005/08/16   36.490   70.670 HRV 193.2 5.3 9.6  16  1.01 59 304 -0.10 15  61 -0.91 26 158 279 23  131  56 73   75  80 HRV             
 2005/08/20   31.080   88.090 HRV  96.3 4.9 2.8  16  2.68 79 268  0.17 11 100 -2.85  2  10  89 44   74 290 48  105  88 HRV             
 2005/08/24   39.880   79.660 HRV  46.4 5.0 4.4  16  4.47 39 262 -0.08 49 100 -4.38  9 359  48 56   24 304 71  143  96 HRV             
 2005/08/25   36.944   79.169 PDE   8.0 5.3 1.2  17  1.15 84 225  0.04  3 102 -1.18  5  12  98 40   85 285 50   94  93 GS              
 2005/08/25   37.130   79.350 HRV  15.0 5.4 1.6  17  1.55 65 219  0.06  9 110 -1.61 23  16  89 23   68 293 69   99  93 HRV             
 2005/08/26   36.300   71.200 HRV 112.0 5.0 3.6  16  3.37 54 212  0.44 35  45 -3.81  6 311   8 50   41 249 60  132  77 HRV             
 2005/08/27   36.380   70.620 HRV 217.9 5.0 3.8  16  3.49 73 351  0.63  5  97 -4.13 16 189 286 30  100  95 61   85  69 HRV             
 2005/09/18   24.561   94.781 PDE  82.0 5.7 3.8  17  3.85 56 120 -0.02 32 318 -3.83  8 223 281 46   42 159 61  128  99 GS              
 2005/09/18   24.480   94.710 HRV 105.4 5.7 3.8  17  3.66 50 121  0.27 40 308 -3.93  3 215 271 54   38 156 60  138  86 HRV             
 2005/09/23   41.970   82.460 HRV  12.0 4.8 2.2  16  1.98 74 129  0.44 12 268 -2.41 10   1 105 37  111 260 56   75  63 HRV             
 2005/10/07   34.710   92.960 HRV  15.0 4.8 2.0  16  2.42 54 314 -0.77 30 171 -1.65 18  70 123 38   36   4 69  122  36 HRV             
 2005/10/08   34.539   73.588 PDE  20.0 7.3 1.0  20  1.01 57   4  0.03 22 132 -1.04 24 232 358 29  140 124 72   67  94 GS              
 2005/10/08   34.380   73.470 HRV  12.0 7.6 2.9  20  3.21 68 334 -0.52 20 128 -2.68  9 221 334 40  123 114 57   65  68 HRV             
 2005/10/08   34.733   73.100 PDE   7.0 6.2 2.3  18  2.13 76 147  0.25 14 331 -2.38  1 241 317 46   71 164 47  109  79 GS              
 2005/10/08   34.700   73.120 HRV  12.0 6.4 5.4  18  5.54 78 349 -0.28 10 135 -5.27  7 226 328 39  107 127 53   77  90 HRV             
 2005/10/08   34.580   73.060 HRV  14.3 5.6 3.7  17  3.86 73   5 -0.26  9 126 -3.60 15 218 321 31  108 121 60   80  87 HRV             
 2005/10/08   34.620   73.340 HRV  17.2 5.7 4.5  17  5.12 65 292 -1.31 25 121 -3.80  3  30  96 47   55 321 53  122  49 HRV             
 2005/10/08   34.710   73.199 PDE   5.0 5.7 4.1  17  4.10 86   2  0.07  4 160 -4.17  2 250 344 44   96 157 47   85  97 GS              
 2005/10/08   34.680   73.100 HRV  12.0 5.5 2.5  17  2.30 71   9  0.34 18 167 -2.65  7 259   8 41  118 153 54   68  74 HRV             
 2005/10/08   34.600   73.060 HRV  12.0 5.4 1.4  17  1.42 67 356  0.05 16 131 -1.46 15 226 338 33  121 122 62   71  93 HRV             
 2005/10/08   34.690   72.860 HRV  12.0 4.9 3.1  16  2.89 54  95  0.44 21 334 -3.33 28 232 279 25   33 159 77  112  74 HRV             
 2005/10/08   34.930   73.170 HRV  12.0 4.8 2.0  16  1.92 64  38  0.18 10 149 -2.10 24 244 354 23  116 145 69   79  83 HRV             
 2005/10/09   34.700   72.940 HRV  12.0 5.0 3.7  16  3.66 73  19  0.06  1 284 -3.72 17 194 282 28   87 105 62   92  97 HRV             
 2005/10/09   34.570   73.010 HRV  12.0 5.3 1.3  17  1.30 72  11  0.07  7 123 -1.36 17 215 315 29  104 119 62   82  90 HRV             
 2005/10/09   34.670   73.182 PDE  10.0 5.6 3.0  17  3.00 81 163  0.10  9 332 -3.10  2  62 162 44  103 323 47   77  94 GS              
 2005/10/09   34.650   73.130 HRV  12.0 5.7 4.0  17  4.09 68 354 -0.14 18 139 -3.94 12 232 344 37  121 127 59   69  93 HRV             
 2005/10/09   34.640   72.860 HRV  12.0 4.8 1.9  16  1.91 56  80  0.00 16 326 -1.91 29 227 279 21   42 150 76  106 100 HRV             
 2005/10/09   34.600   73.260 HRV  12.0 4.9 2.6  16  2.55 37 114  0.04 53 287 -2.58  4  22 151 62  154 254 67   31  97 HRV             
 2005/10/09   34.550   73.020 HRV  15.7 5.0 3.7  16  4.16 59 355 -0.91 14 110 -3.26 27 207 328 22  130 105 73   75  56 HRV             
 2005/10/09   34.740   73.030 HRV  12.0 4.9 3.0  16  2.87 77 309  0.31 11  90 -3.18  8 182 284 38  107  82 54   77  81 HRV             
 2005/10/09   34.330   73.580 HRV  12.0 5.3 1.3  17  1.35 78 321 -0.03  8  95 -1.32  8 186 286 37  104  89 54   79  96 HRV             
 2005/10/09   34.620   72.870 HRV  17.0 4.9 2.6  16  2.63 71  92 -0.16 19 276 -2.47  1 186 257 47   63 114 49  116  88 HRV             
 2005/10/10   34.650   73.260 HRV  12.0 4.9 2.9  16  3.34 58 293 -0.86 30  89 -2.48 11 185 307 43  137  71 62   56  49 HRV             
 2005/10/12   34.779   73.101 PDE  10.0 5.3 9.6  16  9.59 82 179  0.08  7 324 -9.67  5  54 152 41  100 318 50   81  98 GS              
 2005/10/12   34.880   73.080 HRV  12.0 5.3 1.0  17  0.90 84 348  0.18  5 129 -1.09  4 220 315 42   97 126 49   84  67 HRV             
 2005/10/13   34.690   73.100 HRV  13.6 4.9 2.9  16  2.94 68 351 -0.18 20 144 -2.76  9 237 349 40  122 131 57   66  88 HRV             
 2005/10/14   34.910   73.000 HRV  20.4 4.8 2.0  16  2.00 62 290  0.05 21 154 -2.05 18  57 117 33   49 344 66  113  95 HRV             
 2005/10/17   34.810   73.080 HRV  21.2 4.9 2.9  16  2.97 80 337 -0.08  9 123 -2.89  6 214 314 40  104 116 51   79  95 HRV             
 2005/10/18   34.720   73.090 HRV  12.0 5.0 4.1  16  3.76 74 353  0.65  7 108 -4.41 14 200 299 32  103 104 59   82  71 HRV             
 2005/10/19   34.751   73.037 PDE   6.0 5.5 2.3  17  2.24 82  59  0.14  1 319 -2.38  8 229 317 37   88 140 53   92  88 GS              
 2005/10/19   34.760   73.050 HRV  12.0 5.6 3.3  17  3.09 73 353  0.33  8 110 -3.42 15 202 303 31  105 106 60   81  81 HRV             
 2005/10/19   34.780   73.140 HRV  12.0 5.4 1.5  17  1.36 81 310  0.36  9 119 -1.72  2 209 308 44  103 110 47   78  58 HRV             
 2005/10/19   34.980   72.730 HRV  12.0 5.1 6.4  16  7.13 66 112 -1.48 18 335 -5.65 16 240 306 33   56 165 63  110  58 HRV             
 2005/10/23   34.854   73.042 PDE   8.0 5.2 9.3  16  9.21 71 151  0.20 19 335 -9.41  1 244 316 47   64 172 49  115  96 GS              
 2005/10/23   34.740   73.030 HRV  12.0 5.5 1.9  17  1.87 72 346 -0.01 10 111 -1.86 14 203 307 32  110 105 60   78  99 HRV             
 2005/10/23   34.750   73.110 HRV  12.0 4.8 1.8  16  1.87 67 306 -0.19 18  85 -1.67 14 180 293 34  123  75 62   70  80 HRV             
 2005/10/24   34.760   73.180 HRV  16.9 4.8 2.0  16  2.11 66 256 -0.20 23  96 -1.91  8   3  68 43   54 292 57  118  81 HRV             
 2005/10/26   34.110   73.850 HRV  21.9 4.8 1.7  16  1.71 57  84 -0.02 24 310 -1.69 21 211 266 32   41 140 70  115  98 HRV             
 2005/10/28   34.661   73.196 PDE   7.0 5.2 7.3  16  7.32 86 311  0.02  4 160 -7.34  2  69 156 43   85 343 47   95  99 GS              
 2005/10/28   34.640   73.150 HRV  12.0 5.2 7.2  16  7.79 62 355 -1.23 24 142 -6.56 13 238 357 38  132 129 63   63  68 HRV             
 2005/10/29   34.010   89.140 HRV  31.3 4.8 1.8  16  1.84  2 115 -0.05 44  23 -1.79 46 208 241 58  -35 351 61 -142  95 HRV             
 2005/10/31   29.390   81.280 HRV  47.0 4.7 1.5  16  1.28 28 331  0.35 51 103 -1.63 24 227   8 52  176 100 87   39  57 HRV             
 2005/10/31   28.380   84.880 HRV  22.5 4.7 1.5  16  1.61 84 151 -0.20  5 295 -1.42  3  25 120 42   97 291 48   84  75 HRV             
 2005/11/06   34.510   73.200 HRV  13.0 5.1 6.1  16  6.11 51  74 -0.11 12 329 -6.01 36 231 274 14   34 151 82  102  96 HRV             
 2005/11/20   34.680   73.120 HRV  20.5 4.8 2.3  16  2.35 78 356 -0.08 11 153 -2.28  4 244 345 42  106 144 50   76  93 HRV             
 2005/11/21   34.650   73.126 PDE  16.0 5.1 5.6  16  5.53 70 147  0.16 16 286 -5.69 13  19 129 35  118 276 59   72  94 GS              
 2005/11/21   34.670   73.190 HRV  12.0 5.2 7.5  16  5.91 38 308  3.15 50 105 -9.07 11 209 341 55  159  83 73   37  31 HRV             
 2005/12/01   34.790   73.140 HRV  13.2 4.7 1.6  16  1.53 81 122  0.14  8 275 -1.67  4   6 104 41  103 268 50   79  83 HRV             
 2005/12/12   36.357   71.093 PDE 217.0 6.5 7.5  18  8.14 81 305 -1.15  7  89 -6.99  5 180 278 40  102  83 51   80  72 GS              
 2005/12/12   36.450   71.060 HRV 210.2 6.5 8.2  18  8.02 78 299  0.37 10  87 -8.39  6 178 279 40  106  80 52   77  91 HRV             
 2005/12/14   30.120   78.830 HRV  34.2 5.1 5.7  16  4.81 68  30  1.75  1 296 -6.56 22 206 293 23   86 117 67   92  47 HRV             
 2005/12/25   34.650   73.200 HRV  15.2 5.2 8.5  16  8.39 46   5  0.17 10 105 -8.56 42 205   5 10  170 105 88   80  96 HRV             
 2005/12/28   34.840   73.150 HRV  28.6 5.1 6.2  16  5.61  9 328  1.15 71  84 -6.76 17 235  12 71 -174 281 84  -19  66 HRV             
 2005/12/29   24.740   96.290 HRV  18.5 5.1 4.9  16  4.55 12 328  0.68 72 197 -5.23 13  61 104 72   -1 195 89 -162  74 HRV             
 2006/01/18   34.470   87.820 HRV  12.0 4.9 2.6  16  3.18 21 279 -1.19 26  20 -1.99 56 156 332 34 -142 210 70  -62  25 HRV             
 2006/02/01   30.060   80.310 HRV  30.7 4.7 1.6  16  1.75  3  99 -0.33 39 192 -1.42 51   6 156 54 -141  41 59  -43  62 HRV             
 2006/02/02   34.830   73.180 HRV  18.8 4.9 3.1  16  3.02 69 156  0.24 20 317 -3.25  6  49 160 42  120 302 54   66  85 HRV             
 2006/02/03   26.940   86.700 HRV  30.9 4.7 1.6  16  1.66 75   6 -0.09  0  98 -1.58 15 188 279 30   91  98 60   90  89 HRV             
 2006/02/08   34.750   72.990 HRV  33.1 4.8 2.2  16  2.21 77  56 -0.11  3 311 -2.11 12 220 306 33   84 133 57   94  90 HRV             
 2006/02/14   27.220   88.640 HRV  19.2 5.3 1.1  17  0.95 63 311  0.33 16  74 -1.28 21 170 287 27  126  68 68   73  48 HRV             
 2006/02/15   33.700   81.470 HRV  30.5 4.9 2.4  16  2.85  3  92 -0.98 31   0 -1.86 59 186 210 50  -49 336 55 -128  31 HRV             
 2006/02/21   31.750   95.130 HRV  14.5 4.9 2.6  16  2.24 28 289  0.70 35 177 -2.94 42  48  70 36  -13 171 82 -125  52 HRV             
 2006/02/23   26.912   91.705 PDE  14.0 5.8 5.4  17  5.08  1 270  0.66 85  14 -5.73  5 180 315 86 -177 225 87   -4  77 GS              
 2006/02/23   26.910   91.940 HRV  12.0 5.5 1.9  17  1.68  8 276  0.40 71  30 -2.08 17 184 321 73 -173 229 84  -18  62 HRV             
 2006/02/26   35.280   89.598 PDE   7.0 5.4 1.6  17  1.59 19 113 -0.02  7 205 -1.56 69 315 191 27 -106  29 65  -82  97 GS              
 2006/02/26   35.360   89.670 HRV  12.0 5.4 1.8  17  2.29  2 106 -0.93 49 198 -1.35 41  14 158 61 -150  52 64  -33  19 HRV             
 2006/03/01   35.400   89.670 HRV  18.6 5.1 5.5  16  6.19 10 292 -1.40 41 193 -4.77 47  33  60 50  -31 171 67 -136  55 HRV             
 2006/03/02   24.220   94.420 HRV  69.3 4.9 2.7  16  2.98 17 113 -0.50 70 326 -2.49 10 206 251 70    5 159 85  160  66 HRV             
 2006/03/07   23.777   70.899 PDE  18.0 5.5 2.2  17  2.17 16  87  0.00 70 229 -2.18 12 353 129 70  177 220 87   20 100 GS              
 2006/03/07   23.720   70.770 HRV  12.0 5.5 1.9  17  1.80 10  88  0.15 76 314 -1.96 10 180 224 76    0 134 90  166  85 HRV             
 2006/03/10   32.620   73.510 HRV  24.7 4.9 3.2  16  3.07 62  22  0.20 10 273 -3.26 26 178 246 21   61  96 71  101  88 HRV             
 2006/03/19   34.690   73.030 HRV  22.7 4.9 3.1  16  3.11 80  44 -0.04  1 138 -3.08 10 228 319 35   91 138 55   89  97 HRV             
 2006/03/20   34.756   73.747 PDE   9.0 5.2 6.8  16  6.77 85  45  0.08  5 237 -6.84  1 147 231 44   82  62 46   97  98 GS              
 2006/03/20   34.750   73.570 HRV  12.0 5.2 7.3  16  6.24 49  29  2.19 38 232 -8.42 12 133 185 47   32  72 67  132  48 HRV             
 2006/03/25   23.330   93.910 HRV  46.0 5.1 5.9  16  6.13  7  97 -0.55 75 215 -5.58 13   6 142 76 -176  51 86  -14  82 HRV             
 2006/03/29   35.530   95.620 HRV  24.3 5.3 1.2  17  1.29 20 160 -0.26 70 353 -1.03  4 251 297 73   11 204 79  163  60 HRV             
 2006/04/04   34.520   73.220 HRV  12.0 4.6 1.0  16  1.20 67 287 -0.33 22 123 -0.87  6  31  98 44   57 320 54  117  45 HRV             
 2006/04/06   23.680   70.640 HRV  12.0 5.0 3.5  16  2.75 61  54  1.53 20 282 -4.29 20 185 245 31   48 111 67  112  29 HRV             
 2006/04/06   23.322   70.477 PDE  14.0 5.5 1.9  17  1.80 32 102  0.10 50 323 -1.91 21 206 247 51    9 152 83  141  90 GS              
 2006/04/06   23.250   70.350 HRV  30.2 5.5 2.5  17  2.13 21 100  0.73 66 308 -2.86 10 194 238 67    8 145 83  157  49 HRV             
 2006/04/14   35.314   89.669 PDE   5.0 5.6 3.3  17  3.53  1 323 -0.42  1  53 -3.11 88 186  52 44  -92 234 46  -88  76 GS              
 2006/04/14   35.460   89.740 HRV  17.7 5.6 3.2  17  4.11  6 294 -1.86 34  28 -2.24 56 196 353 49 -137 231 59  -50   9 HRV             
 2006/04/19   31.610   90.670 HRV  23.2 5.7 4.2  17  4.47  6 281 -0.48 80  47 -4.00  8 190 325 80 -179 235 89  -10  79 HRV             
 2006/04/28   41.740   80.620 HRV  20.8 4.9 2.9  16  2.98 82 343 -0.09  0 252 -2.88  8 162 251 37   90  72 53   90  94 HRV             
 2006/04/30   44.518  102.391 PDE   8.0 5.7 3.8  17  3.80 66 319 -0.07 24 137 -3.73  1 228 340 49  123 116 50   58  96 GS              
 2006/04/30   44.560  102.440 HRV  12.0 5.7 4.5  17  3.96 54 333  1.08 34 133 -5.04 10 230 353 46  141 113 63   51  57 HRV             
 2006/05/11   23.309   94.307 PDE  30.0 5.4 1.6  17  1.55 75  29 -0.01 12 245 -1.55  8 153 229 38   70  74 54  105  99 GS              
 2006/05/11   23.310   94.300 HRV  33.7 5.6 2.7  17  2.26 82  30  0.89  8 187 -3.16  3 277  15 42  102 180 49   80  44 HRV             
 2006/05/30   20.540   92.040 HRV  21.0 4.9 3.2  16  3.21  2 288 -0.01 84 178 -3.21  6  18  63 85   -2 153 88 -175  99 HRV             
 2006/06/04   30.770   99.260 HRV  27.6 4.9 2.4  16  2.82  5 188 -0.76 63  88 -2.07 26 280 321 68  -16  57 75 -158  46 HRV             
 2006/06/08   40.530   77.640 HRV  30.2 4.9 2.4  16  2.45 72 313 -0.18 13  90 -2.27 12 183 290 35  113  82 58   74  85 HRV             
 2006/06/15   45.389   97.354 PDE  25.0 5.8 6.3  17  6.32 13 294 -0.01 73 152 -6.31 10  26  70 73    3 340 88  163 100 GS              
 2006/06/15   45.370   97.490 HRV  21.8 5.8 5.9  17  5.45 17 315  0.85 72 123 -6.30  3 224 359 75  170  91 80   15  73 HRV             
 2006/06/15   45.360   97.490 HRV  18.5 5.0 3.5  16  3.48 73 340  0.05 13 119 -3.54 11 211 318 36  113 110 57   74  97 HRV             
 2006/06/20   33.140  105.040 HRV  13.6 4.9 3.0  16  2.36  6 149  1.28 83 296 -3.64  4  59 194 84  179 284 89    6  30 HRV             
 2006/06/23   23.360   70.260 HRV  20.8 4.8 1.9  16  2.20 70 306 -0.58 16  85 -1.61 13 178 288 35  118  75 60   72  47 HRV             
 2006/07/06   39.119   71.836 PDE  15.0 5.7 4.9  17  4.26  8 245  1.29 82  47 -5.55  2 155 289 83  176  20 86    7  54 GS              
 2006/07/06   39.220   71.700 HRV  12.9 5.8 5.6  17  4.37 45 249  2.42 45  65 -6.79  2 157 283 59  146  32 62   36  29 HRV             
 2006/07/07   44.540  102.360 HRV  18.3 5.0 4.0  16  3.83 40 333  0.31 48 128 -4.14 13 233   5 53  158 108 73   39  85 HRV             
 2006/07/17   33.070   96.400 HRV  22.1 5.2 8.6  16  9.30 14 160 -1.35 70  29 -7.96 14 254 297 70   -1  27 89 -160  71 HRV             
 2006/07/19   33.060   96.270 HRV  24.6 5.5 2.3  17  2.36 21 163 -0.04 63  22 -2.33 16 259 302 64    4 210 86  154  97 HRV             
 2006/07/22   28.010  104.310 HRV  14.8 4.9 3.1  16  2.63 40 201  1.01 49  31 -3.64  5 296 347 59   27 242 67  146  45 HRV             
 2006/07/23   32.990   96.170 HRV  27.0 4.8 2.3  16  2.46  2 325 -0.26 71  61 -2.20 19 234  11 75 -168 278 78  -15  79 HRV             
 2006/08/06   37.367   74.733 PDE  14.0 5.6 3.4  17  3.24  5  91  0.42 83 221 -3.66  5   1 136 83 -179  46 89   -7  77 GS              
 2006/08/06   37.570   74.670 HRV  24.0 5.6 3.1  17  3.62  1  81 -1.08 82 179 -2.55  8 350 126 83 -175  35 85   -7  40 HRV             
 2006/08/12   24.590   92.860 HRV  32.7 5.0 3.9  16  3.79 34 112  0.13 55 309 -3.92  8 208 255 61   20 156 73  149  93 HRV             
 2006/08/25   28.000  104.310 HRV  17.4 5.0 4.3  16  3.66 57 198  1.17 32  27 -4.83  4 295 355 50   45 232 57  130  52 HRV             
 2006/08/30   39.470   77.430 HRV  21.5 4.8 2.3  16  2.23  7 251  0.10 78  17 -2.34 10 160 296 78 -178 205 88  -12  91 HRV             
 2006/09/01   35.350   89.620 HRV  23.6 4.8 1.9  16  2.11  7 293 -0.33  9  24 -1.78 78 165  12 39 -105 211 53  -78  69 HRV             
 2006/09/06   40.200   76.870 HRV  31.8 4.7 1.5  16  1.44 82 346  0.19  0  78 -1.63  8 168 258 37   91  77 53   90  77 HRV             
 2006/09/11   35.472   78.225 PDE   8.0 5.3 1.0  17  1.03  1 143 -0.01 21  53 -1.02 69 235 253 48  -62  34 49 -118  98 GS              
 2006/09/11   35.620   78.090 HRV  18.9 5.5 2.2  17  2.50  2 129 -0.67 60  35 -1.83 30 220 260 68  -21 358 71 -157  46 HRV             
 2006/11/03   21.990   93.260 HRV  34.5 5.0 3.7  16  3.93 15  79 -0.50 70 302 -3.42 13 173 216 70    2 126 88  160  75 HRV             
 2006/11/08   42.650   75.320 HRV  23.8 4.8 2.1  16  2.01 83 129  0.11  4 259 -2.13  5 349  84 40   97 255 50   84  90 HRV             
 2006/11/10   24.610   92.610 HRV  31.8 4.9 3.0  16  2.76 46 116  0.55 40 266 -3.31 16   9 141 46  154 249 72   47  67 HRV             
 2006/11/23   44.260   83.470 HRV  30.4 5.1 5.0  16  4.53 64  52  0.83 23 263 -5.36 12 168 231 39   52  96 61  116  69 HRV             
 2006/12/24   39.830   74.560 HRV  17.3 5.0 4.2  16  3.81 60 275  0.79 30  91 -4.60  2 182 299 51  130  66 54   52  66 HRV             
 2006/12/25   42.156   76.163 PDE   5.0 5.8 7.2  17  7.27 53 183 -0.18  5  86 -7.09 36 353  58 10   61 267 81   95  95 GS              
 2006/12/25   42.170   76.060 HRV  18.8 5.8 7.0  17  6.58 53 221  0.83 30  80 -7.40 19 338  30 37   34 272 70  122  78 HRV             
 2007/01/07   22.040   98.300 HRV  20.0 4.8 2.1  16  2.18 13 316 -0.17 71 184 -2.01 14  49  92 71   -1 182 89 -161  84 HRV             
 2007/01/08   39.803   70.312 PDE  16.0 6.0 1.3  18  1.11 12  57  0.28 76 264 -1.39  6 148 193 77    4 102 86  167  60 GS              
 2007/01/08   39.850   70.170 HRV  22.8 6.0 1.4  18  1.40 26  47  0.06 62 248 -1.46  9 141 187 65   13  91 78  155  92 HRV             
 2007/01/31   39.820   70.040 HRV  19.8 5.2 7.7  16  7.70 69  33 -0.09 20 219 -7.61  2 129 199 47   61  57 50  117  98 HRV             
 2007/02/02   39.150   71.120 HRV  16.6 5.2 7.6  16  7.49 68  46  0.27 22 237 -7.76  4 145 213 45   58  75 53  118  93 HRV             
 2007/02/02   37.688   91.768 PDE  14.0 5.3 1.3  17  1.32 70  79 -0.04 17 291 -1.28 10 198 268 38   62 123 57  111  94 GS              
 2007/02/02   37.870   91.850 HRV  20.2 5.4 1.5  17  1.26 73 101  0.38 17 273 -1.65  2   4 111 45  114 258 49   67  54 HRV             
 2007/02/11   36.790   73.000 HRV  26.5 5.1 5.2  16  6.02  2  80 -1.59 34 171 -4.44 56 348 141 53 -135  19 56  -47  47 HRV             
 2007/02/25   33.100   90.630 HRV  20.5 5.3 1.3  17  1.50  4 294 -0.32 60 197 -1.19 29  26  66 67  -19 164 73 -156  57 HRV             
 2007/03/15   35.500   89.490 HRV  18.6 5.0 4.0  16  3.84  6 285  0.22 27 192 -4.06 62  25  41 46  -51 172 56 -123  89 HRV             
 2007/03/16   35.560   89.500 HRV  16.5 5.0 4.7  16  5.10  8 282 -0.76 29 188 -4.34 60  26  41 45  -47 168 59 -124  70 HRV             
 2007/04/03   36.451   70.688 PDE 219.0 6.2 2.6  18  2.56 60  29  0.04 25 172 -2.60 16 270  31 36  136 160 66   62  97 GS              
 2007/04/03   36.530   70.620 HRV 223.2 6.2 2.9  18  3.05 57  31 -0.22 24 163 -2.83 22 264  30 32  141 155 71   64  86 HRV             
 2007/04/09   35.500   89.510 HRV  20.8 4.9 3.1  16  3.22  3 282 -0.21 24 191 -3.01 66  19  36 47  -56 171 53 -121  87 HRV             
 2007/04/14   45.440   98.310 HRV  36.5 4.9 2.9  16  2.85 25 328  0.08 65 147 -2.93  0 238  10 72  162 106 73   19  95 HRV             
 2007/04/15   39.500   72.620 HRV  17.8 5.0 3.5  16  3.12 62  64  0.74 28 250 -3.86  2 159 223 49   52  93 53  126  62 HRV             
 2007/04/15   39.600   74.810 HRV  26.4 4.9 2.7  16  2.59 12  88  0.12 71 217 -2.72 14 355 131 71 -179  41 89  -19  91 HRV             
 2007/05/05   34.248   81.967 PDE   7.0 5.8 6.5  17  6.49  6  90 -0.06 28 183 -6.43 61 350 152 46 -131  24 57  -56  98 GS              
 2007/05/05   34.330   81.970 HRV  23.9 6.1 1.5  18  1.80  3  85 -0.54 87 270 -1.27  0 175 220 88    2 130 88  178  40 HRV             
 2007/05/05   34.670   90.030 HRV  24.5 5.0 3.6  16  3.52 12 303  0.17 74  80 -3.68 11 211 347 74  179  77 89   16  91 HRV             
 2007/05/07   23.020   94.580 HRV  97.3 5.0 3.8  16  3.78 24  90  0.08 66 285 -3.85  5 183 229 69   13 134 77  159  96 HRV             
 2007/05/07   31.440   97.950 HRV  14.5 5.5 2.0  17  2.45  8 165 -0.83 72 279 -1.62 17  73 210 73 -173 118 84  -17  32 HRV             
 2007/05/16   20.503  100.732 PDE  23.0 6.2 2.2  18  2.03 14 278  0.39 70 145 -2.42 14  12  55 70    0 325 90  160  68 GS              
 2007/05/16   20.520  100.890 HRV  12.6 6.3 3.4  18  3.47  7 279 -0.25 81  61 -3.22  5 189 324 81  179  54 89    9  86 HRV             
 2007/05/20   27.230   88.560 HRV  13.6 4.9 2.5  16  1.88 19  65  1.19 57 302 -3.07 25 165 204 58   -4 296 86 -148  22 HRV             
 2007/06/02   23.028  101.052 PDE   5.0 6.1 1.5  18  1.53 50 105 -0.03 40 285 -1.50  0  15 138 57  140 252 58   40  96 GS              
 2007/06/02   23.020  101.130 HRV  12.0 6.1 1.7  18  1.35 35 108  0.75 54 280 -2.10  4  15 146 63  156 247 69   29  29 HRV             
 2007/06/03   22.930  101.120 HRV  24.4 4.9 2.7  16  2.64 15 102  0.03 75 285 -2.66  1 193 238 79   10 147 80  169  98 HRV             
 2007/06/06   42.710   75.360 HRV  28.3 5.0 3.8  16  3.57 83 202  0.48  3  92 -4.04  7   2  89 38   86 274 52   93  76 HRV             
 2007/06/23   21.473   99.779 PDE  21.0 5.6 2.9  17  2.47  9 295  0.92 72 175 -3.39 15  28  71 73   -4 162 86 -163  46 GS              
 2007/06/23   21.490  100.000 HRV  16.1 5.6 3.3  17  3.67 12 285 -0.73 78 110 -2.94  1  15  61 81    8 330 82  171  60 HRV             
 2007/06/23   21.460   99.930 HRV  17.6 5.4 1.6  17  1.86 12 289 -0.58 58  39 -1.28 30 192 334 60 -167 237 79  -31  38 HRV             
 2007/06/29   25.400   96.790 HRV  14.1 5.2 8.9  16  9.34  3 330 -0.84 81 221 -8.49  9  61 105 82   -4 196 86 -172  82 HRV             
 2007/07/20   42.913   82.378 PDE   6.0 5.5 2.5  17  2.21 43 294  0.58 41  78 -2.79 19 185 320 45  160  65 76   47  58 GS              
 2007/07/20   42.930   82.380 HRV  25.3 5.6 2.7  17  2.64 20 282  0.19 65  65 -2.84 14 187 324 66  175  55 86   24  87 HRV             
 2007/07/21   38.980   70.170 HRV  12.4 5.2 8.3  16  8.25 50  32  0.17 39 227 -8.41  7 131 185 51   35  71 63  135  96 HRV             
 2007/07/22   38.420  101.370 HRV  24.1 5.0 3.6  16  3.40  6 114  0.33 84 292 -3.72  0  24 159 85  176 249 86    5  82 HRV             
 2007/07/25   36.040   70.260 HRV 131.2 5.0 3.5  16  3.45 71  64  0.01 15 281 -3.46 11 188 260 36   64 111 58  108  99 HRV             
 2007/07/31   39.250   71.240 HRV  17.5 4.9 3.3  16  3.04 84 191  0.56  4  55 -3.61  4 325  50 41   83 239 49   96  69 HRV             
 2007/08/08   37.010   71.320 HRV 126.9 5.1 5.6  16  5.49 32 163  0.31 34  48 -5.79 40 284 309 34   -8  45 86 -124  89 HRV             
 2007/10/26   35.270   76.620 HRV  12.0 5.2 6.7  16  7.62 10 139 -1.83 64  28 -5.79 24 233 274 66  -10   8 80 -156  52 HRV             
 2007/11/06   38.500   72.950 HRV 125.6 5.5 2.0  17  1.93 13  41  0.16 64 160 -2.09 22 306  85 65 -174 352 84  -25  85 HRV             
 2007/11/06   21.040   70.490 HRV  12.0 5.1 5.5  16  5.82 23 284 -0.56 64  73 -5.27 12 189 324 65  172  58 83   25  81 HRV             
 2007/11/07   22.150   92.500 HRV  25.0 5.5 2.0  17  1.92  1 117  0.11 78  20 -2.03 12 207 251 81   -7 343 83 -171  89 HRV             
 2007/12/02   36.610   70.890 HRV 240.9 5.2 6.8  16  7.03 52 271 -0.37  5   7 -6.65 38 101 221  8  124   7 83   85  89 HRV             
 2007/12/07   23.460   94.660 HRV 108.7 5.0 3.8  16  4.18 69 131 -0.86 20 292 -3.33  6  24 135 42  120 277 54   65  59 HRV             
 2007/12/11   35.060   77.530 HRV  20.5 5.1 4.9  16  5.06 17 127 -0.31 51  15 -4.75 34 229 263 53  -13   1 79 -143  88 HRV             
 2007/12/26   40.340   73.050 HRV  24.8 5.1 5.8  16  5.34 77  91  0.97 12 286 -6.30  3 195 273 43   72 117 49  106  69 HRV             
 2007/12/30   36.440   84.510 HRV  24.4 5.0 3.9  16  3.62 18  98  0.61 64 326 -4.23 18 194 236 64    0 146 90  154  71 HRV             
 2007/12/31   41.110   71.970 HRV  19.6 5.0 3.8  16  4.07 74 323 -0.51 12 102 -3.55 10 195 299 37  110  94 56   75  75 HRV             
 2008/01/01   40.288   72.985 PDE   6.0 5.5 2.0  17  2.11 76  60 -0.30 12 265 -1.80  5 173 250 41   71  95 52  106  72 GS              
 2008/01/01   40.340   72.900 HRV  19.5 5.6 2.9  17  2.87 81  33  0.08  5 272 -2.94  8 181 265 38   82  95 53   96  95 HRV             
 2008/01/09   32.288   85.166 PDE   7.0 6.3 3.0  18  3.00  5  95 -0.07 18   3 -2.92 71 200 349 53 -113 204 43  -63  95 GS              
 2008/01/09   32.300   85.320 HRV  13.3 6.4 5.0  18  5.60  0 106 -1.15 10  16 -4.45 80 196 206 46  -75   6 46 -105  59 HRV             
 2008/01/12   22.650   92.360 HRV  17.7 4.9 2.6  16  2.62 77  37 -0.06  8 162 -2.55 11 253 353 35  104 157 56   81  95 HRV             
 2008/01/14   32.330   85.250 HRV  14.1 4.9 2.9  16  3.12  3 288 -0.49 16 197 -2.64 74  27  34 45  -67 183 50 -111  69 HRV             
 2008/01/16   32.331   85.158 PDE   5.0 5.7 4.1  17  4.06  1 105  0.15 26  15 -4.22 63 197 352 52 -125 220 50  -54  93 GS              
 2008/01/16   32.350   85.290 HRV  12.0 5.9 8.7  17  9.13  1 291 -0.95  2 201 -8.18 87  51  23 44  -87 198 46  -93  79 HRV             
 2008/01/17   32.420   85.260 HRV  18.3 4.9 3.1  16  3.03 16 295  0.21 13  29 -3.23 69 156   7 31 -115 215 62  -75  87 HRV             
 2008/01/17   38.020  100.350 HRV  20.7 4.9 2.4  16  2.42 79 305  0.04 11 146 -2.46  4  55 134 42   74 335 50  104  97 HRV             
 2008/01/19   36.470   70.550 HRV 199.2 5.2 7.2  16  7.28 65  10 -0.24  1 102 -7.05 25 192 285 20   93 101 70   89  93 HRV             
 2008/01/22   32.310   85.220 HRV  12.6 5.5 1.9  17  1.97 13 294 -0.13 16 200 -1.84 69  61  45 35  -60 190 60 -109  87 HRV             
 2008/01/29   49.740   83.480 HRV  34.8 4.9 2.7  16  2.51 82  33  0.45  8 228 -2.96  2 138 220 43   78  56 48  101  70 HRV             
 2008/02/23   36.450   70.690 HRV 194.3 4.9 2.6  16  2.60 60 331 -0.09 11  81 -2.51 27 176 292 20  123  77 73   79  93 HRV             
 2008/02/26   30.030  101.960 HRV  29.2 5.1 5.6  16  6.18  4 205 -1.16 76 100 -5.03 14 296 340 78   -7  71 83 -168  62 HRV             
 2008/03/20   35.430   81.370 HRV  12.0 7.1 5.4  19  5.60  6 282 -0.32 13  13 -5.27 76 168 358 41 -110 203 52  -74  89 HRV             
 2008/03/21   35.890   81.650 HRV  29.9 5.2 9.2  16  8.92  8  90  0.57 18 357 -9.48 70 203 199 40  -62 344 55 -112  88 HRV             
 2008/03/21   35.390   81.430 HRV  19.5 5.2 7.3  16  8.02  6  98 -1.54 11   6 -6.49 77 216 200 40  -73 358 52 -104  62 HRV             
 2008/03/21   24.540   97.810 HRV  18.1 5.1 6.0  16  6.62  7 304 -1.15 82  86 -5.47  5 213 348 82  179  79 89    8  65 HRV             
 2008/03/21   35.090   81.160 HRV  27.8 5.0 3.5  16  3.51 10  90 -0.08 51 347 -3.43 37 188 222 56  -21 324 73 -145  95 HRV             
 2008/03/23   35.860   81.650 HRV  16.1 5.1 5.8  16  7.30  7  87 -3.09 30 353 -4.21 59 187 206 47  -46 331 58 -126  15 HRV             
 2008/03/24   35.800   81.640 HRV  27.5 5.1 5.0  16  5.63 21  86 -1.16 66 295 -4.45 11 180 224 67    7 131 83  157  59 HRV             
 2008/03/26   35.850   81.660 HRV  17.7 5.2 7.7  16  8.58 13  97 -1.68 77 272 -6.90  1   7 141 80  172 233 82   10  61 HRV             
 2008/03/30   37.910  101.940 HRV  18.8 5.1 4.9  16  4.87 11 288 -0.05 75 150 -4.82 10  20  64 75    1 334 89  165  98 HRV             
 2008/04/10   39.480   75.050 HRV  12.7 5.0 4.1  16  3.99 69 291  0.28 20 101 -4.27  4 192 302 45  119  84 52   64  87 HRV             
 2008/04/18   35.280   81.290 HRV  35.3 5.0 3.8  16  4.18 14  85 -0.82 73 229 -3.36 10 352 128 73  177 219 87   17  61 HRV             
 2008/04/20   45.970   82.730 HRV  21.9 4.9 3.3  16  2.95 10 259  0.79 79  63 -3.73  3 168 303 81  175  34 85    9  58 HRV             
 2008/04/25   32.650   85.420 HRV  26.6 5.0 3.5  16  3.21 17 285  0.66 59  45 -3.87 25 187 328 60 -173 235 84  -30  66 HRV             