 Longitude  Latitude  ML  strike1  dip1  slip1  ML 0 0 event
122.3470 24.4888 6.14 189.79 44.11 51.60 6.14 0 0 event
121.3666 22.0011 7.07 358.50 42.90 94.83 7.07 0 0 event
122.5755 24.9808 6.07 149.21 26.29 -129.80 6.07 0 0 event
122.0206 20.6598 6.05 41.65 49.08 -26.88 6.05 0 0 event
120.6625 23.5026 6.20 50.19 35.01 124.15 6.20 0 0 event
120.8570 23.5846 6.59 329.57 48.36 -4.35 6.59 0 0 event
121.0671 23.8648 6.70 340.30 30.03 52.74 6.70 0 0 event
121.0313 23.7646 6.20 5.46 23.93 103.95 6.20 0 0 event
120.9811 23.7393 6.00 351.70 18.22 57.90 6.00 0 0 event
121.0466 23.8263 6.80 286.64 19.92 27.91 6.80 0 0 event
121.0023 23.8541 6.80 347.99 32.44 62.12 6.80 0 0 event
120.4306 23.5330 6.00 56.26 66.41 172.38 6.00 0 0 event
120.4225 23.5170 6.40 38.52 42.53 124.63 6.40 0 0 event
121.7258 23.3618 6.90 220.49 35.13 116.88 6.90 0 0 event
121.1091 23.9010 6.70 312.36 21.30 24.40 6.70 0 0 event
120.9326 23.4110 6.10 350.93 66.85 -21.28 6.10 0 0 event
121.5838 24.0853 6.20 69.95 37.82 120.22 6.20 0 0 event
122.6065 24.3811 6.25 48.20 38.98 139.34 6.25 0 0 event
121.9280 24.4188 6.30 84.60 47.34 -18.29 6.30 0 0 event
122.6520 23.8670 6.70 238.01 71.86 5.73 6.70 0 0 event
121.7226 23.7406 6.20 242.52 41.07 133.56 6.20 0 0 event
122.1915 24.1398 6.80 305.41 50.18 132.28 6.80 0 0 event
121.8718 24.6510 6.20 12.86 58.65 165.36 6.20 0 0 event
122.3968 23.9130 6.20 301.74 36.70 131.46 6.20 0 0 event
121.3720 22.2608 6.03 230.74 48.80 133.09 6.03 0 0 event
122.3875 25.1015 6.80 143.11 42.14 -104.28 6.80 0 0 event
121.6991 23.5036 6.48 230.82 22.39 138.31 6.48 0 0 event
121.3981 23.0666 6.42 184.06 28.97 88.87 6.42 0 0 event
121.3698 22.7135 6.03 327.15 41.49 15.99 6.03 0 0 event
122.8516 24.4623 7.10 207.91 19.59 14.04 7.10 0 0 event
122.7603 23.7948 6.58 293.84 29.70 129.75 6.58 0 0 event
122.1580 24.3116 6.09 297.34 35.07 135.08 6.09 0 0 event
122.0663 24.6366 6.00 52.05 35.50 129.65 6.00 0 0 event
122.2835 23.9581 6.00 301.46 32.66 141.96 6.00 0 0 event
121.0806 22.8835 6.23 176.99 72.39 9.61 6.23 0 0 event
121.3035 22.8555 6.04 218.61 38.02 132.88 6.04 0 0 event
122.6580 23.9661 6.02 285.07 34.95 118.48 6.02 0 0 event
123.0656 24.7983 6.00 206.31 9.25 37.70 6.00 0 0 event
119.9251 20.7665 6.05 146.61 38.25 -57.93 6.05 0 0 event
119.8285 20.6953 6.06 338.76 28.94 -102.63 6.06 0 0 event
120.5553 21.6873 6.96 168.11 44.46 -61.51 6.96 0 0 event
120.4196 21.9698 6.99 99.14 40.06 -86.91 6.99 0 0 event
122.0266 22.6305 6.24 243.06 68.77 168.47 6.24 0 0 event
122.2541 24.2780 6.63 190.11 31.80 77.45 6.63 0 0 event
122.2193 24.0228 6.00 309.60 32.90 145.02 6.00 0 0 event
121.5790 23.6475 6.09 247.59 43.06 141.50 6.09 0 0 event
120.7186 23.7890 6.15 346.22 55.35 42.61 6.15 0 0 event
121.6633 23.7880 6.92 265.33 20.09 177.32 6.92 0 0 event
120.7066 22.9691 6.42 21.75 18.07 123.91 6.42 0 0 event
121.6856 23.8525 6.14 259.17 19.49 160.66 6.14 0 0 event
123.1560 25.3133 6.27 213.98 46.08 38.98 6.27 0 0 event
120.7546 22.7523 6.35 324.70 25.00 56.51 6.35 0 0 event
122.3068 24.4590 6.62 49.60 45.65 134.37 6.62 0 0 event
122.4456 25.6696 6.23 178.66 10.78 -101.59 6.23 0 0 event
121.0526 23.9021 6.24 348.37 18.84 67.87 6.24 0 0 event
122.2228 20.6495 6.05 10.53 43.42 67.51 6.05 0 0 event
123.6883 23.3325 6.06 63.05 41.72 -114.28 6.06 0 0 event
120.9741 23.8615 6.48 359.17 26.60 84.44 6.48 0 0 event
122.6470 23.9831 6.21 293.04 35.97 125.83 6.21 0 0 event
122.2831 20.0461 6.76 192.59 51.70 -145.19 6.76 0 0 event
121.3485 23.5661 6.42 60.15 38.50 111.47 6.42 0 0 event
122.6070 25.4491 6.70 261.77 20.24 -95.06 6.70 0 0 event
121.3966 22.6581 6.28 221.31 50.33 133.93 6.28 0 0 event
121.6706 23.7256 6.19 8.78 37.52 64.19 6.19 0 0 event
122.5065 24.0353 6.15 285.89 24.81 114.49 6.15 0 0 event
122.4410 24.0223 6.38 288.50 32.59 103.20 6.38 0 0 event
123.5358 25.4235 6.65 227.06 37.34 -69.24 6.65 0 0 event
120.5438 22.9220 6.60 269.71 33.86 14.97 6.60 0 0 event
121.9803 24.6918 6.10 271.47 45.10 -40.62 6.10 0 0 event
122.6826 25.4920 6.91 349.84 33.25 -74.82 6.91 0 0 event
123.4198 23.5320 6.07 87.67 35.03 -101.32 6.07 0 0 event
121.3438 22.6270 6.15 223.79 53.68 136.33 6.15 0 0 event
121.6530 21.4075 6.07 290.60 31.20 168.91 6.07 0 0 event
121.7296 24.1006 6.26 114.55 71.42 161.49 6.26 0 0 event
122.6240 24.0025 6.11 296.33 37.66 125.50 6.11 0 0 event
118.5236 23.3840 6.21 350.12 49.37 -18.65 6.21 0 0 event
121.5591 24.0543 6.32 55.06 30.04 105.37 6.32 0 0 event
