> 7新竹-五峰
120.9283 24.8428    -5.99058   0.2i
120.9334 24.8417    -6.13536   0.2i
120.9396 24.8383    -6.26684   0.2i
120.9489 24.8328    -6.19009   0.2i
120.9534 24.8326    -6.10553   0.2i
120.9627 24.8190    -8.05237   0.2i
120.9686 24.8128    -5.90760   0.2i
120.9758 24.8053    -6.17521   0.2i
120.9857 24.8015    -5.74686   0.2i
120.9872 24.7978    -5.56776   0.2i
120.9920 24.7998    -7.10209   0.2i
120.9940 24.7989    -5.77233   0.2i
120.9957 24.7978    -5.73617   0.2i
120.9966 24.7968    -5.45251   0.2i
121.0092 24.7876    -5.43631   0.2i
121.0125 24.7877    -6.12421   0.2i
121.0202 24.7805    -5.18925   0.2i
121.0300 24.7801    -5.35854   0.2i
121.0359 24.7769    -8.06911   0.2i
121.0420 24.7762    -6.26182   0.2i
121.0463 24.7764    -6.29667   0.2i
121.0458 24.7731   -12.65988   0.2i
121.0485 24.7735    -5.21329   0.2i
121.0471 24.7707   -10.88255   0.2i
121.0547 24.7646    -8.31784   0.2i
121.0673 24.7577    -4.73162   0.2i
121.0778 24.7508    -5.62044   0.2i
121.0896 24.7410    -4.14863   0.2i
121.0874 24.7341    -4.17288   0.2i
121.0965 24.7224    -5.25599   0.2i
121.0983 24.7127    -4.40135   0.2i
121.0983 24.7067    -4.43221   0.2i
121.0957 24.6975    -6.74484   0.2i
121.1032 24.6910    -4.84974   0.2i
121.1008 24.6806    -6.48423   0.2i
121.1017 24.6716    -6.71385   0.2i
121.1057 24.6651    -7.32125   0.2i
121.1138 24.6682    -6.51282   0.2i
121.1221 24.6615    -3.99069   0.2i
121.1266 24.6510    -5.58229   0.2i
121.1181 24.6308    -9.13986   0.2i
121.1266 24.6389    -3.90313   0.2i
> 8新竹-峨眉
120.9562 24.8065    -5.67491   0.2i
120.9610 24.8079    -3.41525   0.2i
120.9588 24.8041    -3.76500   0.2i
120.9607 24.7990    -3.26850   0.2i
120.9650 24.7907    -4.34595   0.2i
120.9692 24.7838    -2.75596   0.2i
120.9664 24.7705    -3.52385   0.2i
120.9674 24.7693    -4.46024   0.2i
120.9628 24.7661    -4.54484   0.2i
120.9617 24.7618    -4.48584   0.2i
120.9572 24.7580    -3.31034   0.2i
120.9557 24.7535    -4.17404   0.2i
120.9574 24.7479    -2.58995   0.2i
120.9601 24.7422    -1.81841   0.2i
120.9634 24.7394    -2.74280   0.2i
120.9662 24.7327    -2.11967   0.2i
120.9677 24.7331    -2.49208   0.2i
120.9709 24.7282    -2.70832   0.2i
120.9734 24.7266   -22.83297   0.2i
120.9767 24.7264    -2.66418   0.2i
120.9807 24.7227    -2.30998   0.2i
120.9889 24.7227    -1.17222   0.2i
120.9995 24.7193    -3.03771   0.2i
120.9988 24.7146    -2.04144   0.2i
121.0004 24.7112    -2.58533   0.2i
121.0024 24.7055    -2.33769   0.2i
121.0032 24.7041    -1.77022   0.2i
120.9867 24.6985    -2.48900   0.2i
120.9864 24.6979    -1.27923   0.2i
120.9858 24.6956    -1.94097   0.2i
121.0015 24.6991    -2.77066   0.2i
120.9883 24.6922    -1.70287   0.2i
120.9846 24.6851    -1.40132   0.2i
120.9886 24.6863    -1.63919   0.2i
120.9819 24.6824    -3.65125   0.2i
120.9805 24.6791    -1.19915   0.2i
120.9809 24.6754    -1.66111   0.2i
120.9841 24.6727    -1.48542   0.2i
120.9843 24.6725    -1.49060   0.2i
120.9896 24.6650    -2.50735   0.2i
120.9879 24.6642    -1.78890   0.2i
> 10.大安-東勢
120.5888 24.3794    -5.04082   0.2i
120.5975 24.3752    -4.71794   0.2i
120.6014 24.3659    -4.48547   0.2i
120.6040 24.3614    -4.32273   0.2i
120.6072 24.3588    -5.06382   0.2i
120.6166 24.3503    -4.87700   0.2i
120.6170 24.3502    -4.78578   0.2i
120.6166 24.3439    -4.75102   0.2i
120.6220 24.3401    -4.64835   0.2i
120.6287 24.3410    -4.60504   0.2i
120.6336 24.3407    -5.83581   0.2i
120.6376 24.3414    -5.08492   0.2i
120.6428 24.3368    -4.67459   0.2i
120.6535 24.3332    -5.03488   0.2i
120.6577 24.3273    -3.78267   0.2i
120.6642 24.3223    -4.20881   0.2i
120.6689 24.3193    -5.30152   0.2i
120.6791 24.3161    -5.74208   0.2i
120.6895 24.3145    -5.50508   0.2i
120.6990 24.3141    -5.56787   0.2i
120.7032 24.3121    -4.92278   0.2i
120.7146 24.3084    -5.34670   0.2i
120.7224 24.3087    -6.47477   0.2i
120.7276 24.3097    -5.02409   0.2i
120.7365 24.3130    -3.24461   0.2i
120.7452 24.3122    -5.16748   0.2i
120.7540 24.3131    -5.18228   0.2i
120.7631 24.3159    -4.95148   0.2i
120.7669 24.3121    -4.49226   0.2i
120.7735 24.3146    -6.24774   0.2i
120.7857 24.3115    -3.86276   0.2i
120.7904 24.3086    -3.51491   0.2i
> .11龍井-太平
120.5143 24.1985    -5.03460   0.2i
120.5240 24.1962    -4.84198   0.2i
120.5349 24.1943    -4.75454   0.2i
120.5481 24.1958    -4.27937   0.2i
120.5559 24.1880    -6.77269   0.2i
120.5578 24.1864    -5.13494   0.2i
120.5659 24.1798    -5.76091   0.2i
120.5702 24.1760    -5.95560   0.2i
120.5748 24.1696    -5.87080   0.2i
120.5880 24.1666    -6.02216   0.2i
120.6027 24.1618    -4.85904   0.2i
120.6080 24.1582    -4.37377   0.2i
120.6121 24.1492    -7.63254   0.2i
120.6201 24.1523    -6.42426   0.2i
120.6289 24.1476    -6.18490   0.2i
120.6337 24.1447    -6.95652   0.2i
120.6543 24.1353    -6.33829   0.2i
120.6596 24.1331    -6.87571   0.2i
120.6722 24.1318    -5.93322   0.2i
120.6927 24.1328    -5.87941   0.2i
120.6916 24.1270    -5.70388   0.2i
120.7082 24.1301    -5.25383   0.2i
120.7137 24.1260    -6.02138   0.2i
120.7231 24.1326    -6.13339   0.2i
120.7328 24.1347    -6.03801   0.2i
120.7379 24.1322    -6.12820   0.2i
120.7423 24.1309    -6.21527   0.2i
120.7488 24.1238    -2.82655   0.2i
120.7520 24.1232    -2.87699   0.2i
> .17王功-草屯
120.3468 23.9645   -26.22376   0.2i
120.3573 23.9617   -35.03957   0.2i
120.3736 23.9616   -49.51343   0.2i
120.4008 23.9588   -23.47087   0.2i
120.4078 23.9580   -23.78347   0.2i
120.4349 23.9506   -38.55112   0.2i
120.4377 23.9526   -20.06903   0.2i
120.4598 23.9623   -76.40960   0.2i
120.4704 23.9608   -73.13708   0.2i
120.4987 23.9535   -45.78896   0.2i
120.5052 23.9536   -69.55263   0.2i
120.5260 23.9482   -16.19951   0.2i
120.5272 23.9480   -26.83816   0.2i
120.5417 23.9539   -21.99113   0.2i
120.5423 23.9536   -22.33221   0.2i
120.5561 23.9518   -23.85458   0.2i
120.5668 23.9564   -16.20660   0.2i
120.5745 23.9576    -7.87316   0.2i
120.5873 23.9619    -8.01331   0.2i
120.6013 23.9680    -7.42610   0.2i
120.6099 23.9710    -5.75484   0.2i
120.6099 23.9741    -4.83635   0.2i
120.6159 23.9746    -4.36215   0.2i
120.6171 23.9759    -3.95941   0.2i
120.6209 23.9785    -4.29213   0.2i
120.6224 23.9795    -3.94654   0.2i
120.6333 23.9745    -4.30490   0.2i
120.6339 23.9778    -4.78701   0.2i
120.6456 23.9743    -5.16711   0.2i
120.6457 23.9709    -5.25269   0.2i
120.6653 23.9683    -5.10373   0.2i
120.6792 23.9865    -4.97723   0.2i
120.6807 23.9789    -4.80658   0.2i
120.6919 23.9798    -5.02500   0.2i
120.6946 23.9795   -16.62621   0.2i
120.6959 23.9797    -3.31373   0.2i
120.6970 23.9796    -1.50308   0.2i
120.7007 23.9790    -3.45323   0.2i
120.7038 23.9782    -3.25037   0.2i
120.7125 23.9772    -0.23320   0.2i
120.7176 23.9785    -5.22389   0.2i
120.7301 23.9821    -4.03387   0.2i
120.7321 23.9835    -2.49165   0.2i
120.7515 23.9824    -0.52413   0.2i
120.7631 23.9866    -0.42673   0.2i
120.7727 23.9837    -2.87251   0.2i
120.7837 23.9828    -1.25650   0.2i
120.7869 23.9862    -1.75075   0.2i
120.8093 23.9921    -3.03437   0.2i
> 19
120.5171 23.8736    -7.34145   0.2i
120.5241 23.8744    -6.48418   0.2i
120.5281 23.8724    -6.77017   0.2i
120.5337 23.8708    -5.92568   0.2i
120.5348 23.8711    -4.96302   0.2i
120.5382 23.8706    -4.12377   0.2i
120.5479 23.8708    -8.35512   0.2i
120.5707 23.8672    -4.96554   0.2i
120.5814 23.8621    -5.05750   0.2i
120.5891 23.8596    -4.12000   0.2i
120.5883 23.8554    -3.80217   0.2i
120.5997 23.8542    -3.52907   0.2i
120.6063 23.8522    -3.91062   0.2i
120.6196 23.8561     3.46328   0.2i
120.6189 23.8522    -1.51024   0.2i
120.6275 23.8583    -1.81541   0.2i
120.6378 23.8581    -2.62856   0.2i
120.6377 23.8556    -2.19796   0.2i
120.6564 23.8517    -2.40768   0.2i
120.6633 23.8492    -4.96530   0.2i
120.6693 23.8508    -2.50290   0.2i
120.6842 23.8473    -4.81414   0.2i
120.6858 23.8464    -2.97190   0.2i
120.6866 23.8463    -3.66257   0.2i
120.6913 23.8441    -3.12610   0.2i
120.6942 23.8429    -2.52982   0.2i
120.6987 23.8441    -0.04136   0.2i
120.7096 23.8312    -5.67143   0.2i
120.7275 23.8361    -0.44628   0.2i
120.7262 23.8316    -2.30325   0.2i
120.7589 23.8243    -0.98135   0.2i
> 28
120.1096 23.2389    -7.02934 0.2i  
120.1174 23.2393    -9.17780 0.2i  
120.1249 23.2413    -9.22498 0.2i  
120.1347 23.2416    -9.51221 0.2i  
120.1377 23.2423    -9.17276 0.2i  
120.1482 23.2434    -9.12325 0.2i  
120.1605 23.2471   -13.95176 0.2i  
120.1750 23.2381    -7.77884 0.2i  
120.1758 23.2383    -7.96700 0.2i  
120.1880 23.2321    -6.38254 0.2i  
120.1970 23.2369    -5.16062 0.2i  
120.2052 23.2382    -7.93443 0.2i  
120.2147 23.2383    -9.91688 0.2i  
120.2229 23.2351    -8.18279 0.2i  
120.2325 23.2339    -7.52028 0.2i  
120.2408 23.2338    -6.25098 0.2i  
120.2511 23.2333    -9.04910 0.2i  
120.2611 23.2307    -5.66772 0.2i  
120.2724 23.2389    -6.78836 0.2i  
120.2810 23.2445    -5.74645 0.2i  
120.2913 23.2502    -2.51488 0.2i  
120.4568 23.2369    -8.29052 0.2i  
> 30
120.1491 22.9980    -6.22277   0.2i
120.1599 23.0030    -5.35981   0.2i
120.1684 22.9976    -5.71175   0.2i
120.1795 22.9962    -6.37769   0.2i
120.1867 22.9908    -7.31783   0.2i
120.1895 22.9931    -2.49196   0.2i
120.4275 22.9225    -5.19682   0.2i
120.4352 22.9261    -7.52543   0.2i
> 31
120.1925 22.8740    -9.14161   0.2i
120.1950 22.8648   -11.41366   0.2i
120.2246 22.8769   -10.32417   0.2i
120.2367 22.8785    -0.66421   0.2i
120.2625 22.8806    -1.67691   0.2i
120.2773 22.8798    -0.79719   0.2i
120.2909 22.8787    -0.37776   0.2i
120.2992 22.8783    -1.38967   0.2i
120.3070 22.8777    -5.27994   0.2i
120.3157 22.8796    -3.28129   0.2i
120.3239 22.8807    -2.59316   0.2i
120.3410 22.8817    -0.35165   0.2i
120.4392 22.8886    -0.43150   0.2i
120.4635 22.8865    -9.47077   0.2i
120.4838 22.8808    -4.19126   0.2i
120.4840 22.8839    -6.71989   0.2i
120.4905 22.8857    -7.96195   0.2i
120.4966 22.8866    -8.17012   0.2i
120.5022 22.8874    -6.42594   0.2i
120.5118 22.8860    -5.35476   0.2i
120.5250 22.8878    -4.74064   0.2i
120.5333 22.8857    -3.77316   0.2i
120.5388 22.8824    -6.83973   0.2i
120.5431 22.8773    -9.07472   0.2i
120.5485 22.8712    -7.71519   0.2i
120.5499 22.8838    -2.81120   0.2i
120.5543 22.8643    -7.38594   0.2i
120.5580 22.8640    -6.62677   0.2i
120.5587 22.8818    -2.41684   0.2i
120.5605 22.8578    -4.59207   0.2i
120.5629 22.8805    -4.81877   0.2i
120.5670 22.8484    -4.88726   0.2i
120.5679 22.8712    -3.87211   0.2i
120.5766 22.8725    -2.35479   0.2i
120.5818 22.8332   -11.72919   0.2i
120.5910 22.8264    -4.49132   0.2i
120.5917 22.8733    -0.73990   0.2i
120.5984 22.8274    -4.02102   0.2i
120.5999 22.8777    -0.90799   0.2i
120.6008 22.8264    -3.88860   0.2i
120.6049 22.8370    -3.30456   0.2i
120.6062 22.8420    -6.95615   0.2i
120.6096 22.8792    -1.14660   0.2i
120.6098 22.8480    -2.82621   0.2i
120.6193 22.8832    -2.08529   0.2i
120.6194 22.8586    -2.74299   0.2i
120.6206 22.8595    -2.96890   0.2i
120.6242 22.8632    -3.12092   0.2i
120.6276 22.8663    -2.20262   0.2i
120.6324 22.8711    -2.37247   0.2i
120.6362 22.8744    -1.65892   0.2i
120.6391 22.8764    -1.31769   0.2i
120.6423 22.8780    -1.53439   0.2i
120.6438 22.8790    -2.27458   0.2i
120.6452 22.8798    -2.29463   0.2i
120.6647 22.8857    -5.96408   0.2i
> 33
120.2997 22.8074    -5.26296   0.2i
120.3042 22.8076    -4.13665   0.2i
120.3070 22.8073    -4.19303   0.2i
120.3150 22.8075    -3.21952   0.2i
120.3796 22.7683    -6.87337   0.2i
120.5295 22.7793    -0.45158   0.2i
120.5458 22.7792    -2.44167   0.2i
120.5793 22.7859    -0.99622   0.2i
120.5834 22.7860    -0.01461   0.2i
> 35
120.7463 22.0083    -1.09844   0.2i
120.7471 22.0044    -0.77600   0.2i
> 36
120.7269 21.9531    -3.58260   0.2i
120.7567 21.9678    -1.23470   0.2i
120.7625 21.9613    -0.93905   0.2i
120.7701 21.9551    -3.14754   0.2i
> 38
121.4732 23.9794    -0.17893   0.2i
121.4773 23.9722    -0.33242   0.2i
121.4827 23.9669    -0.08576   0.2i
121.4921 23.9656    -2.30002   0.2i
121.5051 23.9580    -3.28163   0.2i
121.5165 23.9509    -4.69670   0.2i
121.5249 23.9483    -6.49459   0.2i
121.5353 23.9450    -6.32529   0.2i
121.5430 23.9393    -8.84226   0.2i
121.5528 23.9382    -6.97724   0.2i
121.5533 23.9348    -7.92370   0.2i
121.5616 23.9314    -8.69225   0.2i
121.5702 23.9292    -9.15773   0.2i
121.5808 23.9258   -10.53656   0.2i
121.5915 23.9262   -11.26519   0.2i
121.5955 23.9252   -11.45701   0.2i
121.5999 23.9226   -12.35900   0.2i
121.6040 23.9254   -13.44463   0.2i
> 39
121.4283 23.6637    -4.84317   0.2i
121.4338 23.6629    -5.64915   0.2i
121.4374 23.6619    -5.63238   0.2i
121.4480 23.6607    -5.61775   0.2i
121.4542 23.6584    -7.58663   0.2i
121.4598 23.6559    -6.45913   0.2i
121.4635 23.6530    -5.48175   0.2i
121.4635 23.6527    -5.03620   0.2i
121.4679 23.6540    -3.41227   0.2i
121.4706 23.6510    -1.52810   0.2i
121.4867 23.6464    -3.31492   0.2i
121.4921 23.6468    -0.52906   0.2i
121.4918 23.6304    -1.64407   0.2i
121.5041 23.6186    -7.39281   0.2i
121.5043 23.6182    -9.51464   0.2i
121.5071 23.6117    -9.09417   0.2i
121.5166 23.6034   -11.40370   0.2i
121.5221 23.6018   -10.30044   0.2i
121.5195 23.5986    -9.73100   0.2i
> 40                            0.2i
121.3264 23.4917    -5.03225   0.2i
121.3264 23.4908    -6.23978   0.2i
121.3324 23.4919    -7.14028   0.2i
121.3361 23.4933    -7.52981   0.2i
121.3361 23.4933    -6.05482   0.2i
121.3460 23.4946    -7.22942   0.2i
121.3562 23.4947    -8.83113   0.2i
121.3655 23.4960    -7.94179   0.2i
121.3738 23.4978    -7.89554   0.2i
121.3778 23.4967    -9.84870   0.2i
121.3825 23.5034    -9.21395   0.2i
121.3855 23.5042    -9.82499   0.2i
121.3910 23.5071    -9.39373   0.2i
121.3953 23.5035    -7.83271   0.2i
121.4005 23.4998    -7.04507   0.2i
121.4057 23.4983    -4.78036   0.2i
121.4067 23.4999    -4.36068   0.2i
121.4125 23.4988    -2.24789   0.2i
121.4292 23.4972    -1.23779   0.2i
121.4320 23.5024    -2.80400   0.2i
121.4539 23.5049    -0.20316   0.2i
121.4565 23.4988    -1.06138   0.2i
121.4568 23.4905    -3.34777   0.2i
121.4573 23.4896    -2.34185   0.2i
121.4652 23.4895    -5.74236   0.2i
121.4661 23.4772    -9.02440   0.2i
121.4707 23.4877    -4.21487   0.2i
121.4707 23.4819    -4.83247   0.2i
121.4722 23.4848    -5.34973   0.2i
121.4726 23.4733    -5.23477   0.2i
121.4807 23.4728    -5.20838   0.2i
121.4875 23.4694    -6.08275   0.2i
121.4961 23.4634    -6.08118   0.2i
121.4965 23.4629   -21.45312   0.2i
> 01
121.5623 25.2915    -3.52423   0.2i
121.5728 25.2972    -3.55587   0.2i
121.5810 25.2956    -3.69862   0.2i
121.5817 25.2953    -4.04873   0.2i
121.5917 25.2911    -3.51636   0.2i
121.5968 25.2892    -3.46024   0.2i
121.6023 25.2863    -3.41543   0.2i
121.6072 25.2808    -3.46780   0.2i
121.6136 25.2798    -4.27079   0.2i
121.6267 25.2691    -3.23133   0.2i
121.6288 25.2657    -4.57859   0.2i
121.6323 25.2603    -3.05647   0.2i
121.6332 25.2568    -2.15503   0.2i
121.6347 25.2501    -3.33888   0.2i
121.6341 25.2483    -3.36985   0.2i
121.6336 25.2425    -3.58809   0.2i
121.6305 25.2384    -3.25699   0.2i
121.6332 25.2412    -3.34103   0.2i
121.6293 25.2361    -4.01324   0.2i
121.6292 25.2355    -4.31971   0.2i
121.6298 25.2324    -3.98299   0.2i
121.6312 25.2272    -2.77326   0.2i
121.6368 25.2227    -3.59801   0.2i
121.6418 25.2213    -3.68792   0.2i
121.6416 25.2179    -3.39866   0.2i
121.6458 25.2135    -3.09487   0.2i
121.6518 25.2090    -2.85203   0.2i
121.6572 25.2098    -2.97810   0.2i
121.6658 25.2052    -3.08543   0.2i
121.6692 25.2035    -2.99964   0.2i
121.6827 25.1995    -3.00251   0.2i
121.6845 25.1922    -3.43546   0.2i
121.6844 25.1857    -4.31206   0.2i
121.6879 25.1833    -4.53826   0.2i
121.7034 25.1765    -3.86501   0.2i
> 02
121.5302 25.1827    -0.25673   0.2i
121.5380 25.1802    -0.04084   0.2i
121.5461 25.1797    -1.11944   0.2i
121.5489 25.1788    -1.08790   0.2i
121.5573 25.1775    -0.84179   0.2i
121.5601 25.1716    -2.64575   0.2i
121.5677 25.1679    -0.30661   0.2i
> 03
121.4143 25.1880    -6.30892   0.2i
121.4169 25.1873    -6.00811   0.2i
121.4205 25.1809    -6.08199   0.2i
121.4287 25.1760    -6.39512   0.2i
121.4415 25.1717    -8.62724   0.2i
121.4458 25.1682    -6.33758   0.2i
121.4589 25.1623    -7.07571   0.2i
121.4575 25.1584   -14.41977   0.2i
121.4593 25.1547   -18.84926   0.2i
121.4600 25.1475    -6.34541   0.2i
121.4599 25.1382    -6.86466   0.2i
121.4606 25.1283    -7.12041   0.2i
121.4647 25.1242    -6.21294   0.2i
121.4716 25.1228   -18.30296   0.2i
121.4819 25.1222   -16.39450   0.2i
121.4862 25.1219   -26.81336   0.2i
121.4941 25.1201   -12.33330   0.2i
121.5033 25.1192    -9.96017   0.2i
121.5075 25.1195   -12.25977   0.2i
121.5061 25.1152    -2.38461   0.2i
121.5114 25.1106    -6.76207   0.2i
121.5159 25.1046   -19.25693   0.2i
121.5200 25.1036    -6.76604   0.2i
121.5227 25.1013    -9.21268   0.2i
121.5246 25.0923    -6.00341   0.2i
> 04
121.4066 25.1075    -5.04000   0.2i
121.4071 25.1066    -4.69955   0.2i
121.4106 25.1046    -5.54511   0.2i
121.4139 25.1018    -4.69046   0.2i
121.4231 25.0945    -5.39002   0.2i
121.4292 25.0910    -4.44890   0.2i
121.4329 25.0877    -4.77627   0.2i
121.4364 25.0857    -5.37285   0.2i
121.4403 25.0827   -14.30963   0.2i
121.4546 25.0784    -4.61728   0.2i
121.4574 25.0775    -9.54497   0.2i
121.4630 25.0739    -9.97211   0.2i
121.4715 25.0654    -5.45369   0.2i
121.4832 25.0695    -5.96235   0.2i
121.4832 25.0695    -7.77010   0.2i
121.4789 25.0615    -6.01300   0.2i
121.4836 25.0644    -5.50722   0.2i
121.4835 25.0603    -7.43987   0.2i
121.4869 25.0572    -5.90482   0.2i
121.4900 25.0578    -7.44772   0.2i
121.4940 25.0555    -5.80886   0.2i
121.5075 25.0489   -29.87232   0.2i
121.5108 25.0482    -5.29077   0.2i
121.5193 25.0455    -5.67053   0.2i
> 20
120.1544 23.5734   -38.41991   0.2i
120.1647 23.5788   -31.67590   0.2i
120.1745 23.5814   -29.87290   0.2i
120.1838 23.5868   -31.05354   0.2i
120.1902 23.5787   -30.96550   0.2i
120.2001 23.5762   -36.16845   0.2i
120.2128 23.5742   -37.70101   0.2i
120.2246 23.5728   -39.45709   0.2i
120.2361 23.5725   -44.30154   0.2i
120.2478 23.5722   -40.28773   0.2i
120.2558 23.5709   -39.55426   0.2i
120.2677 23.5691   -40.89083   0.2i
120.2767 23.5684   -36.41389   0.2i
120.2861 23.5675   -35.88549   0.2i
120.3009 23.5598   -35.39580   0.2i
120.3012 23.5659   -32.63981   0.2i
120.3139 23.5609   -31.65647   0.2i
120.3177 23.5586   -33.27632   0.2i
120.3269 23.5591   -30.45481   0.2i
120.3395 23.5576   -27.34767   0.2i
120.3475 23.5509   -25.62063   0.2i
120.3515 23.5545   -25.39812   0.2i
120.3556 23.5557   -26.00077   0.2i
120.3630 23.5552   -25.70494   0.2i
120.3726 23.5562   -23.81771   0.2i
120.3871 23.5568   -22.98617   0.2i
120.3971 23.5587   -24.01783   0.2i
120.4086 23.5591   -24.01171   0.2i
120.4205 23.5565   -22.72372   0.2i
120.4299 23.5546   -21.24275   0.2i
120.4340 23.5582   -22.06985   0.2i
120.4423 23.5632   -19.41400   0.2i
120.4442 23.5612   -20.25872   0.2i
120.4508 23.5616   -18.52873   0.2i
120.4607 23.5621   -19.47482   0.2i
120.4658 23.5608   -17.25718   0.2i
120.4790 23.5564   -21.82376   0.2i
120.4813 23.5585   -18.16040   0.2i
120.4863 23.5606   -18.89940   0.2i
120.4874 23.5628   -19.64057   0.2i
120.4936 23.5628   -18.49603   0.2i
120.4949 23.5605   -17.75870   0.2i
120.4971 23.5626   -17.70839   0.2i
120.5044 23.5581   -17.66772   0.2i
120.5044 23.5581   -16.55932   0.2i
120.5132 23.5574   -17.72630   0.2i
120.5193 23.5536   -17.21165   0.2i
120.5281 23.5531   -17.03018   0.2i
120.5458 23.5532   -17.31493   0.2i
120.5550 23.5583   -17.67416   0.2i
120.5573 23.5687   -16.36290   0.2i
120.5575 23.5779   -17.34512   0.2i
120.5581 23.5639   -16.58419   0.2i
120.5606 23.5804   -16.46280   0.2i
120.5647 23.5791   -21.62284   0.2i
120.5657 23.5711  -105.299581  0.2i
120.5716 23.5671   -18.21106   0.2i
120.5735 23.5655   -18.17734   0.2i
120.5743 23.5617   -17.96940   0.2i
120.5751 23.5637   -17.94714   0.2i
120.5780 23.5592   -17.49061   0.2i
120.5794 23.5593   -17.31414   0.2i
120.5825 23.5602   -17.42407   0.2i
120.5841 23.5595   -16.87483   0.2i
120.5854 23.5595   -17.12508   0.2i
120.5873 23.5605   -16.85495   0.2i
120.5893 23.5610   -16.55792   0.2i
120.5902 23.5634   -17.14171   0.2i
120.5912 23.5623   -19.47257   0.2i
120.5915 23.5641   -16.37760   0.2i
120.5918 23.5629   -16.58739   0.2i
120.5927 23.5614   -15.77280   0.2i
120.5980 23.5597   -15.94563   0.2i
120.6063 23.5613   -17.21683   0.2i
120.6117 23.5623   -14.83726   0.2i
120.6168 23.5663   -15.05105   0.2i
120.6250 23.5644   -17.52269   0.2i
120.6279 23.5668   -13.52505   0.2i
120.6321 23.5662   -14.43569   0.2i
120.6347 23.5704   -12.96121   0.2i
120.6368 23.5651   -17.98466   0.2i
120.6397 23.5701   -14.03000   0.2i
120.6406 23.5715   -12.93424   0.2i
120.6411 23.5687   -13.51844   0.2i
120.6429 23.5679   -12.89811   0.2i
120.6431 23.5649   -13.17902   0.2i
120.6449 23.5638   -13.34259   0.2i
120.6458 23.5684   -17.20704   0.2i
120.6476 23.5639   -12.77969   0.2i
120.6508 23.5696   -16.70782   0.2i
120.6533 23.5616   -12.30314   0.2i
120.6555 23.5601   -16.61430   0.2i
120.6560 23.5614   -11.43036   0.2i
120.6590 23.5605   -15.58127   0.2i
120.6654 23.5585   -11.88915   0.2i
120.6668 23.5630   -20.04601   0.2i
120.6703 23.5552   -14.40943   0.2i
> 34
120.5667 22.4292   -17.44659   0.2i
120.5672 22.4278   -15.89221   0.2i
120.5684 22.4322   -19.96724   0.2i
120.5710 22.4342   -18.84387   0.2i
120.5848 22.4302   -14.43000   0.2i
120.5952 22.4290    -6.40957   0.2i
120.6005 22.4284    -3.21722   0.2i
120.6109 22.4269    -1.13614   0.2i
120.6137 22.4261    -0.63970   0.2i
120.6165 22.4257    -0.43468   0.2i
120.6203 22.4256    -0.15463   0.2i
120.6232 22.4235    -1.45481   0.2i
120.6272 22.4249    -1.06700   0.2i
120.6296 22.4263    -0.66403   0.2i
120.6325 22.4265    -0.04922   0.2i
120.6394 22.4244    -2.35920   0.2i
120.6459 22.4218    -3.99312   0.2i
120.6469 22.4187   -10.25255   0.2i
120.6525 22.4127    -3.63892   0.2i
> 41
121.0681 22.8355    -5.64613   0.2i
121.0762 22.8367    -3.82971   0.2i
121.0828 22.8358    -5.34060   0.2i
121.0873 22.8314    -3.41614   0.2i
121.0936 22.8310    -0.84918   0.2i
121.0984 22.8277    -2.81416   0.2i
121.1010 22.8237    -1.92652   0.2i
121.1091 22.8235    -1.64610   0.2i
121.1189 22.8158     1.59881   0.2i
121.1250 22.8054    -0.42493   0.2i
121.1406 22.7917    -4.12269   0.2i
121.1456 22.7925    -4.10416   0.2i
121.1529 22.7915    -1.88722   0.2i
121.1580 22.7870    -9.85405   0.2i
121.1649 22.7798    -4.70226   0.2i
121.1750 22.7768    -6.17304   0.2i
121.1831 22.7884    -4.85165   0.2i
121.1934 22.7938    -5.20735   0.2i
> 42
121.8281 24.8628    -0.36907   0.2i
121.8228 24.8418    -0.45118   0.2i
121.8196 24.8177    -0.54732   0.2i
121.8186 24.8125    -1.99606   0.2i
121.8172 24.8068    -1.79519   0.2i
121.8170 24.8006    -2.19213   0.2i
121.8158 24.7968    -3.88552   0.2i
121.8146 24.7895    -5.66892   0.2i
121.8144 24.7847    -7.39244   0.2i
121.8139 24.7798    -7.12687   0.2i
121.8153 24.7750    -8.72287   0.2i
121.8156 24.7711    -9.26299   0.2i
121.8153 24.7640    -8.82118   0.2i
121.8146 24.7599    -8.46723   0.2i
121.8149 24.7583    -8.57393   0.2i
121.8159 24.7519    -8.90678   0.2i
121.8160 24.7357    -6.42811   0.2i
121.8206 24.7236    -4.78789   0.2i
121.8190 24.7048    -5.52994   0.2i
121.8229 24.6924    -1.97362   0.2i
121.8260 24.6848    -1.46673   0.2i
121.8274 24.6742    -0.18582   0.2i
121.8293 24.6643    -2.09685   0.2i
121.8307 24.6574    -2.17198   0.2i
121.8336 24.6492    -0.70685   0.2i
121.8343 24.6414    -1.00968   0.2i
121.8321 24.6352    -2.20471   0.2i
121.8332 24.6270    -0.02620   0.2i
121.8567 24.5960    -0.07576   0.2i
121.8587 24.5910    -0.82080   0.2i
121.8586 24.5894    -0.31535   0.2i
121.8617 24.5837    -0.40866   0.2i
121.8658 24.5771    -2.80705   0.2i
121.8635 24.5767    -0.22297   0.2i
121.8661 24.5721    -2.16960   0.2i
121.8662 24.5676    -1.47033   0.2i
121.8658 24.5553    -1.48046   0.2i
121.8670 24.5490   -54.18437   0.2i
121.8674 24.5421    -1.63167   0.2i
121.8657 24.5314    -5.27667   0.2i
121.8572 24.5288    -1.47520   0.2i
121.8506 24.5250    -4.29659   0.2i
121.8402 24.5244    -0.83303   0.2i
121.8336 24.5213    -0.44211   0.2i