> 19  
120.7404 23.8326   3.12496   0.2i
120.7505 23.8326   0.15162   0.2i
120.7501 23.8296   0.03243   0.2i
120.7695 23.8216   0.92950   0.2i
120.7844 23.8223   4.47932   0.2i
120.8010 23.8223   7.10727   0.2i
120.8014 23.8197   6.35390   0.2i
120.8145 23.8212   9.05683   0.2i
120.8176 23.8194   8.24190   0.2i
120.8285 23.8244   1.92826   0.2i
120.8320 23.8219   1.30257   0.2i
120.8404 23.8211   2.28982   0.2i
120.8502 23.8135   1.75665   0.2i
120.8595 23.8082   1.42832   0.2i
120.8689 23.7977   6.51393   0.2i
> 28 
120.2954 23.2550     1.20698 0.2i  
120.3084 23.2540     2.68282 0.2i  
120.3134 23.2498     1.73147 0.2i  
120.3158 23.2402     4.04251 0.2i  
120.3203 23.2417     2.85840 0.2i  
120.3284 23.2360     3.36205 0.2i  
120.3380 23.2338     3.37877 0.2i  
120.3482 23.2278     3.98264 0.2i  
120.3589 23.2350     2.52049 0.2i  
120.3621 23.2350     3.76025 0.2i  
120.3658 23.2362     3.47332 0.2i  
120.3713 23.2366     3.02407 0.2i  
120.3750 23.2381     3.77895 0.2i  
120.3785 23.2369     5.71895 0.2i  
120.3814 23.2355     8.49120 0.2i  
120.3850 23.2362     8.86827 0.2i  
120.3890 23.2367     7.96567 0.2i  
120.3990 23.2309     7.77000 0.2i  
120.4042 23.2340    12.25212 0.2i  
120.4101 23.2344    10.60181 0.2i  
120.4153 23.2356     9.76286 0.2i  
120.4209 23.2392    10.95272 0.2i  
120.4290 23.2422     9.07415 0.2i  
120.4311 23.2400     8.57033 0.2i  
120.4410 23.2364     5.35004 0.2i  
120.4482 23.2357     9.30878 0.2i  
120.4520 23.2382     9.67821 0.2i  
120.4591 23.2403     7.30796 0.2i  
120.4655 23.2380     6.49230 0.2i  
120.4665 23.1919    11.77276 0.2i  
120.4684 23.2223    16.02981 0.2i  
120.4698 23.2390     7.89390 0.2i  
120.4703 23.2377     9.22749 0.2i  
120.4717 23.2358    15.79045 0.2i  
120.4811 23.1916     9.39848 0.2i  
120.4846 23.1830     9.80769 0.2i  
120.4854 23.1944    10.36076 0.2i
> 29
120.2879 23.1537   1.59801   0.2i
120.2872 23.1472   1.55869   0.2i
120.2885 23.1357   1.40813   0.2i
120.2943 23.1228   1.93862   0.2i
120.2981 23.1142   2.99360   0.2i
120.2948 23.1066   2.25255   0.2i
120.2951 23.0950   3.48635   0.2i
120.2954 23.0862   0.89066   0.2i
120.2958 23.0795   3.80289   0.2i
120.3012 23.0744   2.84000   0.2i
120.2963 23.0660   1.28484   0.2i
120.2959 23.0655   2.49645   0.2i
120.2946 23.0587   2.85663   0.2i
120.2991 23.0555   1.37454   0.2i
120.3059 23.0415   3.80499   0.2i
120.3114 23.0397   4.39341   0.2i
120.3055 23.0299   4.00397   0.2i
120.3099 23.0212   4.03864   0.2i
120.3012 23.0166   4.15243   0.2i
120.3082 23.0049   3.74729   0.2i
120.3086 22.9942   3.68766   0.2i
120.3118 22.9835   3.00782   0.2i
120.3190 22.9753   4.03759   0.2i
120.3140 22.9625   6.21648   0.2i
> 30
120.1980 22.9906   0.16602   0.2i
120.2041 22.9895   1.09261   0.2i
120.2052 22.9925   0.78550   0.2i
120.2113 22.9889   2.59000   0.2i
120.2188 22.9889   7.42127   0.2i
120.2305 22.9836   3.90405   0.2i
120.2303 22.9822   3.16853   0.2i
120.2387 22.9748   1.69832   0.2i
120.2421 22.9741   4.77624   0.2i
120.2548 22.9712   2.03403   0.2i
120.2568 22.9704   0.19440   0.2i
120.2616 22.9697   0.60295   0.2i
120.2723 22.9699   1.21773   0.2i
120.2733 22.9691   3.98679   0.2i
120.2898 22.9712   0.53250   0.2i
120.2920 22.9669   1.97884   0.2i
120.2979 22.9644   0.29545   0.2i
120.2984 22.9645   1.42877   0.2i
120.3069 22.9643   1.48992   0.2i
120.3139 22.9623   4.27246   0.2i
120.3228 22.9614   1.44995   0.2i
120.3336 22.9588   3.60575   0.2i
120.3440 22.9667   5.03617   0.2i
120.3591 22.9637   6.45467   0.2i
120.3693 22.9598   8.35124   0.2i
120.3807 22.9514   1.49584   0.2i
120.3933 22.9482   5.75870   0.2i
120.4011 22.9471   8.19398   0.2i
120.4152 22.9445   0.91228   0.2i
120.4265 22.9429   0.92524   0.2i
120.4302 22.9429   2.72711   0.2i
120.4288 22.9311   6.74035   0.2i
120.4284 22.9267   5.63452   0.2i
120.4313 22.9390   9.97138   0.2i
120.4305 22.9347   7.77512   0.2i
120.4300 22.9232   4.13361   0.2i
120.4328 22.9265   3.41176   0.2i
120.4375 22.9233   6.38811   0.2i
120.4410 22.9217   1.47537   0.2i
120.4447 22.9190   6.63419   0.2i
120.4480 22.9206   9.67924   0.2i
120.4510 22.9244   0.40741   0.2i
120.4537 22.9258   7.41601   0.2i
120.4601 22.9239   6.28089   0.2i
> 31
120.2465 22.8799   2.32055   0.2i
120.2668 22.8801   2.33033   0.2i
120.2862 22.8791   0.28658   0.2i
120.3392 22.8816   2.80951   0.2i
120.3440 22.8785   2.79685   0.2i
120.3501 22.8755   4.03315   0.2i
120.3576 22.8775   4.67040   0.2i
120.3655 22.8814   2.27459   0.2i
120.3706 22.8795   4.58398   0.2i
120.3757 22.8822   5.30711   0.2i
120.3801 22.8859   9.11607   0.2i
120.3889 22.8910   3.86186   0.2i
120.3928 22.8864   0.30792   0.2i
120.3936 22.8952   3.89436   0.2i
120.3964 22.8953   2.77972   0.2i
120.4040 22.8930   6.25838   0.2i
120.4079 22.8931   8.91900   0.2i
120.4117 22.8913   5.06266   0.2i
120.4196 22.8865   6.14908   0.2i
120.4230 22.8864   6.67744   0.2i
120.4266 22.8880   0.47897   0.2i
120.4340 22.8876   3.81102   0.2i
120.4508 22.8901   4.60849   0.2i
120.4576 22.8877   0.90405   0.2i
120.6188 22.9000   3.29205   0.2i
> 33
120.3190 22.8075   4.31674   0.2i
120.3216 22.8071   6.12716   0.2i
120.3304 22.8061   3.38432   0.2i
120.3346 22.8129   7.60636   0.2i
120.3478 22.8081   7.17622   0.2i
120.3509 22.8111   6.79133   0.2i
120.3569 22.8016   4.81000   0.2i
120.3597 22.7637   2.53089   0.2i
120.3602 22.7591   4.84938   0.2i
120.3605 22.7763   6.21662   0.2i
120.3608 22.7966   4.49230   0.2i
120.3620 22.7827   9.10289   0.2i
120.3674 22.7606   3.65394   0.2i
120.3762 22.7631   7.86062   0.2i
120.3855 22.7710   5.01755   0.2i
120.4035 22.7733   4.91491   0.2i
120.4052 22.7774   3.39162   0.2i
120.4103 22.7818   5.65367   0.2i
120.4185 22.7809   4.66544   0.2i
120.4241 22.7806   5.01171   0.2i
120.4264 22.7817   6.02446   0.2i
120.4291 22.7767   4.68445   0.2i
120.4347 22.7738   5.19605   0.2i
120.4426 22.7723   6.33120   0.2i
120.4493 22.7760   4.20441   0.2i
120.4576 22.7743   5.30455   0.2i
120.4821 22.7678   1.87709   0.2i
120.4939 22.7732   2.16434   0.2i
120.4971 22.7775   2.13999   0.2i
120.5112 22.7752   2.84849   0.2i
120.5120 22.7770   1.53868   0.2i
120.5243 22.7778   0.22117   0.2i
120.5354 22.7817   1.85863   0.2i
120.5610 22.7855   0.14470   0.2i
120.5651 22.7858   0.19436   0.2i
120.5902 22.7863   1.00039   0.2i
120.6028 22.7868   2.27005   0.2i
120.6034 22.7869   4.29857   0.2i
120.6222 22.7875   2.90448   0.2i
120.6261 22.7821   3.49990   0.2i
120.6294 22.7760   3.67080   0.2i
120.6353 22.7746   4.49249   0.2i
120.6429 22.7704   3.67203   0.2i
120.6438 22.7665   4.32678   0.2i
120.6449 22.7664   4.56037   0.2i
> 35
120.7179 21.9902     5.06795   0.2i
120.7207 21.9918     3.68056   0.2i
120.7244 21.9934     2.86142   0.2i
120.7291 21.9978     1.84981   0.2i
120.7397 22.0026     0.43759   0.2i
120.7537 22.0059     3.09310   0.2i
120.7569 22.0072    10.95723   0.2i
120.7608 22.0064     7.70607   0.2i
120.7628 22.0044    13.16043   0.2i
120.7648 22.0034     7.54825   0.2i
120.7681 22.0040    10.29348   0.2i
120.7721 22.0030     8.65432   0.2i
120.7755 22.0030    11.04802   0.2i
120.7783 22.0044    11.47369   0.2i
120.7814 22.0058     8.22074   0.2i
120.7853 22.0078    12.07414   0.2i
120.7873 22.0074     4.92870   0.2i
120.7905 22.0080     9.54636   0.2i
120.7950 22.0092     9.27982   0.2i
120.8008 22.0091     8.37575   0.2i
120.8041 22.0082    10.48166   0.2i
120.8105 22.0049    10.17605   0.2i
120.8158 22.0058    11.13617   0.2i
120.8175 22.0052    12.03432   0.2i
120.8180 22.0061     5.88492   0.2i
120.8188 22.0017     9.01308   0.2i
120.8213 21.9980     9.94693   0.2i
120.8217 21.9938     9.86551   0.2i
120.8266 21.9910     8.64167   0.2i
120.8317 21.9919     9.10440   0.2i
120.8416 21.9891     9.30382   0.2i
120.8463 21.9888     9.24790   0.2i
120.8553 21.9906     9.69106   0.2i
120.8615 21.9935     9.90498   0.2i
> 36
120.7321 21.9549     0.15724   0.2i
120.7406 21.9650     0.99627   0.2i
120.7372 21.9584     0.98992   0.2i
120.7452 21.9676     2.08020   0.2i
120.7504 21.9694     2.51874   0.2i
120.7555 21.9700     1.21428   0.2i
120.7596 21.9637     0.09268   0.2i
120.7640 21.9604     0.49853   0.2i
120.7672 21.9584     2.32227   0.2i
120.7724 21.9524     2.90239   0.2i
120.7767 21.9508     5.53676   0.2i
120.7797 21.9489     8.62700   0.2i
120.7901 21.9462     9.33260   0.2i
120.7940 21.9458     7.69118   0.2i
120.7968 21.9456     7.78671   0.2i
120.8013 21.9438     7.98359   0.2i
120.8066 21.9412     6.50514   0.2i
120.8090 21.9371     5.97157   0.2i
120.8115 21.9357     5.70071   0.2i
120.8170 21.9360     6.81661   0.2i
120.8219 21.9358     6.77783   0.2i
120.8248 21.9316     7.57985   0.2i
120.8284 21.9286     7.42635   0.2i
120.8328 21.9247     7.53381   0.2i
120.8353 21.9207     6.17320   0.2i
120.8379 21.9171     6.45438   0.2i
120.8422 21.9154     5.73628   0.2i
120.8474 21.9139     6.07230   0.2i
120.8482 21.9129     6.65467   0.2i
120.8500 21.9119     5.97273   0.2i
120.8488 21.9076     8.26960   0.2i
120.8515 21.9052     6.53628   0.2i
120.8536 21.9014     7.34146   0.2i
> 38
121.4269 24.0033   3.22246   0.2i
121.4341 23.9983   3.01150   0.2i
121.4410 23.9950   2.41761   0.2i
121.4576 23.9863   0.93292   0.2i
> 39
121.4780 23.6479   0.55910   0.2i
121.4879 23.6390   3.58657   0.2i
121.4873 23.6370   0.65513   0.2i
121.4895 23.6359   0.71108   0.2i
> 40
121.4291 23.4972   0.37072   0.2i
121.4311 23.5018   0.42588   0.2i
121.4361 23.5055   0.64441   0.2i
121.4418 23.5031   1.02769   0.2i
121.4463 23.4972   1.23976   0.2i
121.4497 23.5041   0.23577   0.2i
121.4551 23.4999   0.47617   0.2i
121.4586 23.4965   1.44688   0.2i
> 02
121.5214 25.1883     0.01360   0.2i
121.5240 25.1883     1.25165   0.2i
121.5388 25.1808     0.20329   0.2i
> 34
120.6234 22.4266     0.14249   0.2i
120.6243 22.4227     0.02789   0.2i
120.6428 22.4245     0.50381   0.2i
> 41
121.1336 22.8054     0.37009   0.2i
> 42
121.8709 24.9059     5.35583   0.2i
121.8655 24.9038     5.13007   0.2i
121.8579 24.8940     5.06961   0.2i
121.8540 24.8923     4.42948   0.2i
121.8483 24.8872     4.06598   0.2i
121.8449 24.8826     3.71300   0.2i
121.8402 24.8776     3.90767   0.2i
121.8342 24.8707     2.41552   0.2i
121.8286 24.8646     1.81400   0.2i
121.8238 24.8593     2.17917   0.2i
121.8225 24.8509     0.97211   0.2i
121.8155 24.8497     2.38292   0.2i
121.8236 24.8360     1.34776   0.2i
121.8220 24.8298     0.89726   0.2i
121.8206 24.8246     0.38017   0.2i
121.8382 24.6234     0.04207   0.2i
121.8440 24.6190     1.09809   0.2i
121.8487 24.6131     1.21219   0.2i
121.8560 24.6087     0.67916   0.2i
