0 592.18359375
1 593.057357831
2 593.605549744
3 593.596927027
4 593.982485175
5 595.068983201
6 595.075965071
7 593.436680548
8 593.923256699
9 595.696359351
10 607.064171638
11 618.126855839
12 632.476289775
13 639.064869232
14 652.70241877
15 659.93199717
16 656.547947859
17 661.563507201
18 669.292153942
19 676.634529806
20 678.539667748
21 679.727033169
22 677.759340446
23 678.114610153
24 681.836556729
25 687.213306881
26 696.895138159
27 705.99813979
28 708.43941596
29 712.295869393
30 713.551511786
31 716.052039378
32 715.980449294
33 716.988932282
34 719.827688906
35 721.617983601
36 721.04341113
37 718.609552696
38 719.636047969
39 722.576737277
40 725.651934323
41 726.292216732
42 726.285622659
43 728.80149124
44 733.035532331
45 735.74011943
46 739.404037812
47 739.870407427
48 742.065996564
49 739.784565819
50 736.125385963
51 727.331266821
52 719.030832628
53 718.313923246
54 717.805985286
55 687.298357111
56 666.272967027
57 669.035672688
58 675.306208565
59 681.119587378
60 681.632628362
61 682.517498268
62 680.74898067
63 679.351879089
64 689.472539437
65 694.607051754
66 700.990330969
67 709.698015198
68 699.699318108
69 690.221295241
70 687.772766491
71 690.044562492
72 690.982286686
73 692.66211657
74 694.733363594
75 696.257245465
76 697.279026771
77 698.793365816
78 700.673862685
79 704.471230323
80 705.924601892
81 708.388186864
82 712.883372708
83 716.866221346
84 719.498884105
85 719.434589915
86 723.682688561
87 756.174175692
88 762.904276492
89 774.358542515
90 788.034565934
91 780.502920961
92 790.493661122
93 798.956877441
94 782.495601707
95 767.673111082
96 775.566229912
97 789.827180419
98 804.132692836
99 808.823488985
100 809.870292307
101 821.868863781
102 830.144027051
103 857.461943806
104 849.234381058
105 837.222109883
106 838.197713386
107 865.622948137
108 875.579991722
109 888.127731654
110 933.895738185
111 947.647609877
112 890.1082917
113 853.729679264
114 907.185138269
115 859.034694753
116 836.010898449
117 826.481782791
118 800.403769854
119 846.982583526
120 885.646958004
121 862.071978858
122 870.944514453
123 917.275549596
124 982.296754447
125 926.629181871
126 897.859996995
127 896.455265276
128 909.526146286
129 898.218341079
130 909.716566133
131 939.281739918
132 930.999865926
133 981.910860449
134 972.334905036
135 1021.75654345
136 1018.25627552
137 988.360177265
138 987.783950238
139 963.771731898
140 936.064153662
141 920.673526184
142 963.986424904
143 890.868901931
144 893.880779573
145 859.836871452
146 857.909914943
147 848.217781739
148 843.815100508
149 829.502780873
150 852.323959877
151 853.931262875
152 850.87648955
153 889.24857535
154 930.855799157
155 1022.85957634
156 1003.38556871
157 975.964038842
158 1102.26694268
159 1110.46139212
160 1058.89430577
161 1091.6852575
162 1017.12729242
163 1047.07880691
164 1121.27774388
165 1142.24129352
166 1153.14571127
167 1159.04273313
168 1145.49175895
169 1148.2636885
170 1158.97473823
171 1196.43117863
172 1149.85722571
173 1172.71362596
174 1157.51015773
175 1126.99603431
176 1159.44391947
177 1241.56126323
178 1258.01770496
179 1226.25811147
180 1228.06199205
181 1198.00903496
182 1191.82953169
183 1211.73852613
184 1227.90422794
185 1249.75482182
186 1273.88544414
187 1281.42392677
188 1263.10745983
189 1238.40640923
190 1192.45003359
191 1190.23540925
192 1287.70571725
193 1250.90648739
194 1117.79281433
195 1209.52444882
196 1234.07489659
197 1206.63288484
198 1194.12817298
199 1220.23855409
200 1231.36273358
201 1246.12876436
202 1186.92621
203 1044.66138223
204 1077.47940904
205 1172.86111978
206 1229.59295613
207 1034.66124561
208 1029.50593926
209 1033.62225978
210 968.829222956
211 945.551485143
212 855.497228318
213 844.62942024
214 835.470233324
215 840.247376775
216 870.64439771
217 818.50744834
218 799.286965679
219 813.572150784
220 799.194811932
221 877.702307774
222 787.880360092
223 862.459101167
224 944.983543412
225 910.307068933
226 944.40156007
227 987.79101031
228 905.659290339
229 842.716475173
230 817.602941138
231 991.852323808
232 990.725319116
233 876.798452336
234 839.0669822
235 878.438964855
236 744.308209679
237 759.201290668
238 788.913155812
239 804.361280418
240 944.725679196
241 931.409808194
242 925.892665948
243 934.003760352
244 986.333462438
245 1002.47138416
246 1035.62058611
247 1016.08481986
248 987.742037652
249 902.323045058
250 928.84243806
251 880.409411601
252 797.867548996
253 794.368937696
254 744.39193243
255 818.991626687
256 940.330352967
257 842.709470296
258 776.978138386
259 934.736731392
260 832.488201968
261 817.39439515
262 796.532749726
263 829.231842666
264 853.675635842
265 894.002927969
266 947.96078768
267 969.641870409
268 1011.76025003
269 915.103091228
270 1002.16564058
271 1027.67546832
272 1114.68373479
273 1055.07941237
274 899.350764234
275 863.720955173
276 819.636924992
277 846.033988948
278 843.647993099
279 1002.54644495
280 1016.7708727
281 1043.84119576
282 1094.11996024
283 952.21551285
284 856.707409885
285 840.914719029
286 731.841651366
287 696.13280155
288 747.865231848
289 723.247305886
290 636.103408673
291 607.143325146
292 643.261921512
293 662.726276082
294 656.290363734
295 624.718850136
296 609.12799347
297 607.948974562
298 617.956568037
299 563.429824616
300 596.510953158
301 515.618848426
302 465.4886726
303 451.154934174
304 471.081372453
305 514.517906117
306 635.378767036
307 729.865387572
308 688.35196488
309 569.023882182
310 499.297557051
311 474.687926029
312 506.505046078
313 540.533380898
314 559.568143044
315 631.806972081
316 550.488239411
317 572.783299158
318 673.70551239
319 624.07900813
320 564.334883043
321 570.511760966
322 556.380732562
323 537.57797689
324 515.2629209
325 651.694593064
326 541.372834588
327 524.940982201
328 525.866587345
329 517.888340157
330 510.682312461
331 497.470351512
332 514.901516121
333 553.668021852
334 537.300241835
335 483.194926386
336 543.182803467
337 515.073089446
338 473.787667865
339 442.983491838
340 431.242600761
341 430.836083173
342 446.644719065
343 497.685179227
344 597.729250414
345 618.971254085
346 616.690486652
347 549.690823906
348 534.338076769
349 699.777552176
350 561.952818413
351 518.579654938
352 551.651522937
353 549.833204416
354 503.402688383
355 526.997619129
356 479.295546611
357 468.839384595
358 479.750130995
359 439.87348674
360 410.008291448
361 414.681920174
362 429.190998725
363 405.424440356
364 411.779194671
365 447.931435362
366 394.93467823
367 389.362445345
368 385.629634527
369 366.938358342
370 362.132201956
371 338.239597173
372 315.98713433
373 309.378723222
374 320.743313182
375 306.897431325
376 297.839810497
377 292.804393249
378 288.076143877
379 286.448934447
380 281.547979199
381 279.422331866
382 274.301315482
383 270.440969153
384 266.130166513
385 263.912932138
386 260.155685673
387 256.300972682
388 254.935227574
389 258.880971776
390 275.156887972
391 322.486570649
392 299.611604864
393 286.396100677
394 304.239045529
395 298.395080698
396 288.763928955
397 271.957539172
398 260.612285618
399 254.239890999
400 256.383616102
401 250.017462838
402 229.678257451
403 217.792596387
404 215.912954028
405 215.000125477
406 213.811000405
407 212.262111307
408 213.829474162
409 234.817088414
410 239.903530957
411 225.463315245
412 214.303522037
413 207.113218287
414 198.885257587
415 195.210519519
416 192.511453491
417 191.936845144
418 190.651084954
419 188.329216157
420 186.660104039
421 185.558195126
422 185.70930834
423 182.985053783
424 181.095256764
425 179.725824061
426 177.155610821
427 176.973589877
428 175.481132041
429 174.000011032
430 173.771822528
431 173.10143755
432 172.053100215
433 170.103037637
434 169.00766715
435 167.514887222
436 166.027675298
437 168.090650532
438 163.376416637
439 160.71422305
440 160.139686577
441 159.037594508
442 158.041500369
443 157.45622005
444 157.843666255
445 155.946616994
446 156
447 156.054376894
448 155.149676634
449 153.823909723
450 153.387509479
451 153.007183961
452 152.047961166
453 152.000009644
454 152.059338933
455 150.918748481
456 151.000009219
457 149.965613296
458 150
459 149.932031106
460 150.052454221
461 149.175313203
462 149.003610373
463 148.124609008
464 148.443208719
465 155.675944039
466 154.387172956
467 151.857651353
468 149.729295013
469 148.955434896
470 147.858647482
471 150.925774481
472 150.000661466
473 148.177940497
474 148.961673256
475 146.981614337
476 149.411462541
477 146.27970253
478 147.315763117
479 145.826839661
480 148.212035766
481 145.149854108
482 142.97371452
483 143.367585051
484 147.712877092
485 147.26488275
486 146.075966576
487 145.349013741
488 144.913741272
489 145.384280369
490 144.941069556
491 143.939256755
492 148.76881628
493 146.000051735
494 143.743894854
495 145.316459287
496 143.695758757
497 143.777044965
498 142.868754333
499 142.931139831
500 143.020261091
501 142.949505188
502 142.780571135
503 143.221525928
504 143.46719205
505 143.851634769
506 146.596887538
507 144.895711256
508 142.987054505
509 141.114659081
510 143.260686775
511 143.403087057
512 142.026433807
513 141.885311814
514 140.887928484
515 140.320019594
516 140.832028325
517 148.470505837
518 142.998284748
519 140.93476644
520 140.998656333
521 141.892227773
522 141.412733019
523 140.022372753
524 139.927396217
525 138.944030566
526 139.02689199
527 139.058995452
528 139.000090604
529 139
530 139
531 139
532 139.845777756
533 139.48925352
534 139.145334653
535 139.008564594
536 140.414814437
537 143.629512508
538 138.945938963
539 146.764734548
540 150.313797988
541 150.732237497
542 150.016899081
543 144.078915115
544 140.355901722
545 139.058876263
546 148.455286857
547 145.380392824
548 148.161594523
549 149.160538619
550 150.272220363
551 150.998091953
552 152.346062276
553 153.789201573
554 153.322799897
555 149.511674265
556 150.341514757
557 150.131874926
558 146.883148423
559 145.190747044
560 145.090775902
561 146.183728131
562 143.902538926
563 145.187467252
564 146.244661489
565 145.999840545
566 146.786123183
567 146.725865271
568 148.409551124
569 151.0909978
570 151.890957589
571 152.977178618
572 154.099341616
573 154.259512002
574 153.914182407
575 151.071050722
576 149.967311268
577 149.542187441
578 150.045398691
579 148.938847094
580 148.997328777
581 149.001158457
582 148.953024888
583 150.010076118
584 151.637975861
585 151.99648716
586 150.696107886
587 151.020413139
588 150.992758224
589 151.80158214
590 153.836318827
591 154.805271764
592 157.048294781
593 159.41170787
594 165.886196587
595 159.667437017
596 165.103990462
597 165.392384599
598 169.502591643
599 170.180333125
600 171.25636057
601 170.853130274
602 167.760294439
603 161.822076697
604 166.081497066
605 160.19187751
606 159.151560605
607 159.936747469
608 161.190361784
609 163.341390915
610 168.816454895
611 170.264214949
612 180.304159354
613 191.121513847
614 175.036517406
615 173.379431207
616 173.881742021
617 175.021092008
618 180.306445645
619 184.699934952
620 185.674924482
621 188.901799659
622 186.992670906
623 186.925832554
624 186.978114786
625 187.928759928
626 189.39492208
627 188.811789055
628 190.861415174
629 191.035506854
630 190.761949497
631 191.39644194
632 193.037225472
633 195.644366937
634 195.844990607
635 193.480404934
636 192.344282092
637 190.549602118
638 192.571061536
639 194.374836947
640 191.232782645
641 192.056940642
642 192.003864183
643 193.007951657
644 204.378512276
645 205.440524018
646 208.382799585
647 211.186321678
648 214.32599099
649 214.955653898
650 216.939958565
651 224.43882327
652 225.82752094
653 223.43867909
654 232.01514218
655 234.350147699
656 233.414782643
657 228.244653793
658 227.890068607
659 222.338858375
660 221.415065416
661 227.453240899
662 233.789143605
663 240.543208936
664 245.311600238
665 254.029036492
666 253.092293305
667 256.774350013
668 252.766982554
669 256.384146167
670 250.559919087
671 266.353735102
672 258.949712351
673 226.739567907
674 216.721991092
675 211.126422086
676 208.99261521
677 206.953021623
678 207.017609267
679 206.856368665
680 207.35327623
681 203.900621773
682 199.021614026
683 196.290967313
684 195.673260057
685 197.467831739
686 198.944114182
687 198.518030272
688 204.682884472
689 205.983948878
690 205.653609536
691 200.054255886
692 193.887250422
693 199.023175026
694 197.862887422
695 196.022696074
696 191.375671699
697 186.910770581
698 188.072289596
699 188.972344067
700 189.251186249
701 191.499388135
702 191.685187603
703 189.312504376
704 191.132724694
705 190.912432465
706 192.169468603
707 195.022804456
708 198.363132356
709 207.094909004
710 210.674994886
711 212.986404426
712 213.309407159
713 204.350590565
714 209.130311237
715 209.073272709
716 204.981368644
717 201.02174152
718 197.579938187
719 195.82760836
720 195.971099761
721 196.950737192
722 199.301392885
723 203.990970436
724 213.19156947
725 244.804602455
726 215.099191894
727 215.829450988
728 223.244998882
729 221.016245588
730 217.091233107
731 225.186259062
732 232.163550798
733 225.504665102
734 229.971632132
735 230.585291527
736 237.123435954
737 238.140787732
738 234.668768849
739 240.561446695
740 239.110217807
741 240.967176177
742 238.936921838
743 245.460193282
744 239.086918328
745 232.006661124
746 214.263565231
747 211
748 211
749 211
750 210.785230607
751 228.740579898
752 247.696528087
753 261.675677211
754 255.046350499
755 238.3122352
756 239.016973003
757 233.333651453
758 239.916799606
759 234.427072197
760 244.518322972
761 242.689691709
762 235.9375497
763 244.737439242
764 240.458809655
765 254.150558418
766 280.705387428
767 257.056140278
768 274.975233558
769 277.205248491
770 234.125440985
771 230.782186713
772 265.723609722
773 282.319268747
774 267.421874894
775 251.380103038
776 257.06049631
777 250.076875029
778 234.942166918
779 262.802002997
780 236.868307598
781 231.667573858
782 233.44071411
783 246.969654998
784 268.688449452
785 282.772799569
786 286.758955312
787 302.980578616
788 247.94562363
789 259.682555178
790 278.205407981
791 315.238178296
792 288.130287595
793 338.040095697
794 399.629569867
795 352.90586904
796 285.207401356
797 277.704816403
798 276.178945436
799 274.64738015
800 283.362834703
801 300.380037368
802 383.36782111
803 579.881739212
804 373.80622337
805 446.759481265
806 365.433680993
807 300.723233081
808 349.157022556
809 499.193538627
810 433.470299536
811 339.028278903
812 308.67746547
813 294.905520683
814 289.890291173
815 320.413688548
816 289.079861513
817 269.859909505
818 270.264423438
819 282.594948722
820 305.268986627
821 300.462900933
822 276.559783364
823 281.953732386
824 305.294724743
825 309.839642579
826 330.317156356
827 347.837776815
828 408.746649054
829 536.163136842
830 409.162772769
831 411.460853972
832 415.541011082
833 401.051485149
834 425.243277982
835 434.239731149
836 399.580262626
837 357.697944902
838 366.380327448
839 372.927455456
840 379.939476728
841 448.286993138
842 400.6462897
843 381.817075788
844 371.742715445
845 346.339436833
846 350.622397153
847 364.244681932
848 346.035435478
849 358.748618844
850 379.151784336
851 385.869553726
852 394.693400666
853 366.27357453
854 340.436580565
855 329.31401172
856 320.426104243
857 317.636962987
858 338.49207487
859 367.059522547
860 410.392845767
861 384.852753536
862 365.546035009
863 378.040800258
864 382.613480639
865 362.908368835
866 367.49586654
867 333.260071364
868 317.839857793
869 355.914769732
870 363.741700001
871 394.810099209
872 417.378433662
873 345.140459099
874 313.180207966
875 296.359968954
876 289.611430461
877 278.285177169
878 319.254047196
879 335.075035289
880 312.917934538
881 288.493996125
882 342.10220527
883 329.014725403
884 327.637497147
885 331.069660288
886 326.29905946
887 363.767321161
888 386.797973446
889 451.083732413
890 505.771789148
891 543.968718198
892 586.99912376
893 723.266700644
894 621.016202244
895 562.284275653
896 560.753455727
897 538.871951521
898 534.794517031
899 533.962335846
900 608.040634436
901 651.166554509
902 740.504620145
903 883.604715356
904 1009.79143182
905 888.735278158
906 787.618142478
907 824.927628804
908 803.021991879
909 668.8870909
910 581.230860406
911 610.629462487
912 732.262678705
913 603.053304924
914 646.802491869
915 666.230441662
916 526.116353887
917 534.08530332
918 641.331137356
919 602.374620566
920 735.883490041
921 853.084914293
922 729.750615904
923 668.764905293
924 679.101221563
925 653.40777507
926 655.133619216
927 653.906044707
928 630.640054506
929 654.637224249
930 643.494895304
931 591.369992191
932 560.80281577
933 580.075681007
934 580.847422718
935 553.716424054
936 522.957991928
937 547.639857891
938 408.933162598
939 410.967843833
940 408.528888066
941 488.693368757
942 436.105895994
943 459.141084441
944 502.182381895
945 530.127908458
946 568.586539106
947 674.152254958
948 817.217727938
949 858.472312911
950 698.914137843
951 620.645206341
952 577.381163719
953 540.706560263
954 510.630313461
955 499.041866435
956 478.914440887
957 437.26832375
958 477.105243402
959 463.316222042
960 527.046601561
961 639.897923399
962 504.472773946
963 460.200734907
964 597.181914572
965 668.021576455
966 735.671108434
967 716.112666759
968 700.262721734
969 798.705812811
970 749.254053622
971 690.657799854
972 733.089042291
973 819.350719336
974 715.578886379
975 756.447284692
976 707.566771164
977 678.874028454
978 714.980863189
979 729.159083052
980 736.087484594
981 743.198600788
982 747.8130598
983 751.868312753
984 752.387118596
985 738.881966992
986 748.063781992
987 752.606099495
988 795.453300029
989 895.357348897
990 877.838883341
991 910.519980064
992 838.668621961
993 830.617288823
994 830.775641229
995 839.04446325
996 864.263511326
997 878.542972983
998 884.714314509
999 887.795909869
1000 874.716924512
1001 875.185439566
1002 878.164818536
1003 886.289638494
1004 888.314844856
1005 895.942231681
1006 906.394194908
1007 910.709472539
1008 915.993907068
1009 930.588317939
1010 934.676452381
1011 940.004891316
1012 935.592403091
1013 945.618185001
1014 949.696525828
1015 964.34066594
1016 974.824261873
1017 989.617060409
1018 993.644957389
1019 992.983792751
1020 997.25338603
1021 1020.29700469
1022 1029.2450045
1023 1031.05568816
1024 1078.54523634
1025 1093.85399101
1026 1113.61131638
1027 1131.22274843
1028 1137.08117639
1029 1149.35474993
1030 1182.02352905
1031 1185.42728911
1032 1211.58331933
1033 1172.05227803
1034 1141.63437543
1035 1228.1580019
1036 1368.90960804
1037 1523.42395248
1038 1598.68982143
1039 1638.61691196
1040 1561.00596032
1041 1456.13069784
1042 1572.35885155
1043 1641.81781998
1044 1613.18449666
1045 1615.63574164
1046 1609.88166366
1047 1597.16375811
1048 1583.54513611
1049 1460.05844571
1050 1428.29276909
1051 1398.08430765
1052 1320.03564671
1053 1321.67677661
1054 1396.42160258
1055 1359.0930004
1056 1269.73784905
1057 1228.64040267
1058 1189.20502704
1059 1188.8527236
1060 1177.89817376
1061 1146.93218047
1062 1221.19030939
1063 1243.56446887
1064 1259.00548189
1065 1228.04219025
1066 1200.29059501
1067 1223.94484563
1068 1202.47848983
1069 1178.99923105
1070 1155.4758724
1071 1161.55517271
1072 1163.09576543
1073 1146.77729381
1074 1139.79474304
1075 1134.6496822
1076 1126.09517802
1077 1115.91938733
1078 1094.58311263
1079 1079.9091814
1080 1104.64464417
1081 1089.7959082
1082 893.650396775
1083 784.860413436
1084 994.349386053
1085 817.943983933
1086 1085.94916763
1087 1094.92334612
1088 1006.17534613
1089 972.6283589
1090 1040.2241644
1091 1020.21764945
1092 942.702337529
1093 992.117245109
1094 1037.27293201
1095 1122.05963536
1096 1074.60218632
1097 1205.4725739
1098 1195.57889547
1099 1192.47770479
1100 1261.67635013
1101 1221.3944276
1102 1239.54279959
1103 1311.54906308
1104 1427.98671402
1105 1379.14902536
1106 1237.35189656
1107 1553.40581021
1108 1599.18781954
1109 1620.70802941
1110 1657.86332056
1111 1660.67182475
1112 1714.04993725
1113 1686.35985163
1114 1670.16415053
1115 1641.80542775
1116 1677.78603089
1117 1635.98044021
1118 1537.54865121
1119 1518.63161214
1120 1442.5118063
1121 1291.57485937
1122 1327.96042566
1123 1306.29237389
1124 1390.41177328
1125 1445.08993594
1126 1584.80984989
1127 1651.08422444
1128 1711.26667228
1129 1605.07461694
1130 1424.34651439
1131 1498.66979616
1132 1538.95096726
1133 1598.26817336
1134 1674.82834543
1135 1544.25745871
1136 1680.40386398
1137 1718.38640639
1138 1927.00301963
1139 1789.65527687
1140 1858.5477599
1141 2178.96797395
1142 2080.39663651
1143 1861.25692578
1144 1637.23186168
1145 1522.18947199
1146 1351.68370495
1147 1346.7781862
1148 1409.07948292
1149 1414.65412644
1150 1390.59837845
1151 1502.51878776
1152 1301.05980741
1153 1185.97893079
1154 1473.33825022
1155 1475.52006028
1156 1302.35476686
1157 1483.06697777
1158 1340.09979269
1159 1322.08302247
1160 1508.08783503
1161 1275.49613081
1162 1292.018765
1163 1458.63307749
1164 1713.69599306
1165 1689.40813441
1166 1634.54144987
1167 1443.21654348
1167.09400029 1436.96484375
