>
120.260330 23.030199
120.257010 23.025838
120.255379 23.022921
120.252855 23.019028
120.250780 23.015277
120.249896 23.012981
120.248927 23.006877
120.248581 23.004754
120.248234 23.002631
120.247886 23.000906
120.247683 22.998651
120.247587 22.996695
120.247454 22.994739
120.247286 22.992749
120.247157 22.990196
120.247025 22.988306
120.246826 22.985355
120.246173 22.980513
120.245904 22.977330
120.245419 22.974477
120.244363 22.971157
120.243628 22.968171
120.242505 22.964221
120.241766 22.961897
120.240850 22.959274
120.240323 22.957515
120.238913 22.953531
120.238211 22.951008
120.236905 22.947754
120.236197 22.946524
120.235345 22.945260
120.234456 22.944129
120.233141 22.942432
120.231006 22.940334
120.228619 22.938367
120.223618 22.936685
120.220041 22.936402
120.216535 22.936252
>
120.464968 23.379575
120.463984 23.376880
120.463361 23.375213
120.462948 23.373939
120.461904 23.371930
120.461023 23.369528
120.460403 23.367617
120.458540 23.362863
120.457769 23.360853
120.457429 23.360397
120.457091 23.359661
120.456793 23.358876
120.456209 23.357840
120.455966 23.357282
120.455777 23.356587
120.455575 23.355742
120.455230 23.354904
120.455088 23.354488
120.454349 23.353377
120.454081 23.352310
120.453806 23.351849
120.453421 23.351057
120.452961 23.350259
120.452674 23.349702
120.452276 23.349140
120.451893 23.348626
120.451459 23.347919
120.450951 23.347272
120.450174 23.346156
120.449530 23.345413
120.449209 23.345037
120.448583 23.343608
120.448247 23.342404
120.447890 23.341122
120.447601 23.340389
120.447024 23.338615
120.446360 23.336554
120.445527 23.335189
120.445111 23.334506
120.444351 23.333431
120.444187 23.333006
120.444060 23.332591
120.443893 23.331763
120.443892 23.331592
120.443977 23.331336
120.444089 23.330798
120.444241 23.330148
120.444439 23.328946
120.444616 23.327369
120.444695 23.325815
120.444231 23.324247
120.443139 23.321796
120.442045 23.319541
>
120.431437 23.040819
120.435009 23.037468
120.437798 23.035098
120.440980 23.032159
120.444382 23.029377
120.449406 23.024375
120.451804 23.022365
120.454649 23.019891
120.459838 23.015147
120.463742 23.011745
>
120.378961 23.089440
120.379217 23.088395
120.379473 23.087351
120.379730 23.086306
120.380254 23.085372
120.380778 23.084438
120.381302 23.083503
120.381977 23.082741
120.382651 23.081979
120.383325 23.081217
120.384083 23.080487
120.384841 23.079756
120.385599 23.079026
120.386358 23.078186
120.387116 23.077346
120.387875 23.076507
120.388633 23.075667
>
120.431492 23.040871
120.430766 23.041657
120.430040 23.042444
120.429314 23.043231
120.428588 23.044017
120.427677 23.044738
120.426765 23.045459
120.425854 23.046181
120.425017 23.046971
120.424179 23.047762
120.423342 23.048552
120.422539 23.049242
120.421735 23.049933
120.420931 23.050623
120.420128 23.051314
120.419324 23.052004
120.418599 23.052623
120.417873 23.053241
120.417148 23.053859
120.416422 23.054478
120.415697 23.055096
120.414971 23.055714
120.413948 23.056521
120.412925 23.057328
120.411903 23.058135
120.410806 23.058846
120.409709 23.059534
120.408613 23.060244
>
121.234968 24.906406
121.223377 24.906802
121.182186 24.907613
121.158793 24.904996
121.142771 24.902061
121.131014 24.899553
121.122098 24.897546
121.114603 24.896041
121.106713 24.894104
121.098133 24.891079
121.089669 24.887640
121.079098 24.885271
121.071051 24.883045
121.064897 24.880745
121.058902 24.878733
121.052749 24.877584
121.045143 24.875246
121.040176 24.873360
>
121.634393 25.238453
121.633436 25.238039
121.632159 25.237425
121.630068 25.236573
121.628543 25.235808
121.627160 25.234977
121.623824 25.232836
121.620453 25.230823
121.615914 25.228397
121.614316 25.227309
121.612187 25.225871
121.609455 25.224048
121.605977 25.221714
121.601150 25.218194
121.593021 25.212082
121.592345 25.211345
121.591458 25.210705
121.589296 25.209716
121.586780 25.208600
121.582776 25.207040
121.579941 25.205828
121.578276 25.205063
121.576292 25.204395
121.574592 25.203758
121.573033 25.203056
121.571756 25.202289
121.570124 25.201169
121.569095 25.200369
121.567817 25.199376
121.564799 25.196653
121.563521 25.195564
121.562243 25.194507
121.560895 25.193580
121.560115 25.193196
121.559619 25.192780
121.558094 25.191917
121.556393 25.191087
121.554373 25.190065
121.551962 25.188594
121.550792 25.187826
121.549161 25.186803
121.547741 25.185714
121.546287 25.184722
121.544869 25.183730
121.543769 25.182833
121.542952 25.182064
121.541852 25.181167
121.540326 25.180015
121.538873 25.179087
121.537455 25.178352
121.531076 25.174772
121.526929 25.172374
121.523674 25.170333
121.521473 25.168941
121.514663 25.162856
121.506928 25.156922
121.500848 25.152320
121.495459 25.147624
121.489969 25.142774
121.489493 25.142444
121.488229 25.141397
121.487228 25.140588
121.484303 25.138269
121.483407 25.137508
121.482455 25.136270
121.480081 25.132982
121.475707 25.128266
121.474284 25.126646
121.471700 25.123549
121.470276 25.121547
121.469115 25.119879
121.467480 25.117591
121.466371 25.115923
121.464790 25.113921
121.462786 25.111395
121.458201 25.105820
121.454988 25.102677
121.453619 25.101152
121.452195 25.099341
121.450244 25.096481
121.446552 25.091046
121.442332 25.084705
121.440905 25.081890
121.439849 25.079839
121.438474 25.076738
121.437944 25.075258
121.437521 25.074161
121.437044 25.072920
121.436568 25.071727
121.435350 25.068387
121.434288 25.064950
121.433493 25.062468
121.432484 25.058983
121.430736 25.053925
121.428091 25.047530
121.426296 25.044096
121.425558 25.042999
121.425030 25.041902
121.424500 25.041078
121.423447 25.039088
121.422655 25.037418
121.421810 25.035748
121.421176 25.034365
121.420279 25.032599
121.419170 25.030453
121.417848 25.027160
121.416840 25.023484
121.416307 25.021145
121.415984 25.018470
121.415820 25.016608
121.415817 25.015557
121.415756 25.013168
121.416308 25.005809
>
121.022278 24.801297
121.020773 24.801417
121.016389 24.801597
121.008015 24.801717
121.004711 24.801689
120.997213 24.800915
120.995686 24.800439
120.993961 24.800141
120.991971 24.799545
120.987392 24.797878
120.986066 24.797282
120.983279 24.795495
120.980691 24.794542
120.979431 24.793947
120.977839 24.793470
120.976578 24.792874
120.972863 24.792159
120.970076 24.791921
120.968218 24.791920
120.961119 24.792752
120.958730 24.794062
120.956341 24.794656
120.953355 24.794298
120.951829 24.793821
120.948512 24.793106
120.944598 24.791913
120.941082 24.791197
120.938893 24.790839
120.935509 24.789528
120.934050 24.789289
120.930269 24.787918
120.929407 24.787262
120.927881 24.786488
120.925891 24.785891
120.924233 24.785176
>
121.529880 23.602061
121.529393 23.601649
121.528614 23.600980
121.527159 23.600148
121.525444 23.599127
121.524249 23.598486
121.521860 23.597526
121.521262 23.597051
121.520817 23.595953
121.520499 23.594330
121.520159 23.593518
121.519690 23.592803
121.519091 23.592208
121.518570 23.591541
121.518333 23.590753
121.518017 23.589440
121.517795 23.588370
>
121.529921 23.599044
121.529824 23.598987
121.528370 23.597990
121.527324 23.597283
121.527092 23.597156
>
121.457750 23.494562
121.456495 23.494136
121.455316 23.493639
121.454318 23.493266
121.453185 23.493060
121.451826 23.492897
121.450422 23.492817
121.449336 23.492904
121.447661 23.493076
121.445713 23.492873
121.444104 23.492564
121.442789 23.492067
121.442310 23.491930
>
121.168156 22.956653
121.167810 22.955631
121.167326 22.954673
121.166496 22.953587
121.165696 22.952779
121.164663 22.951824
121.163715 22.950507
121.163182 22.949214
121.162795 22.947777
121.162866 22.946232
121.162771 22.945180
121.162352 22.943579
121.161476 22.942537
121.160839 22.941264
121.160430 22.939778
121.160075 22.938543
121.159247 22.936217
121.159021 22.935125
121.158813 22.933783
121.157983 22.932314
121.156670 22.930526
121.155357 22.928802
121.154804 22.927780
121.153629 22.925608
>
121.148781 22.909763
121.149194 22.908676
121.149538 22.907717
121.149813 22.906950
121.149812 22.906247
121.149673 22.905225
121.149465 22.903947
121.149256 22.902157
121.149324 22.900751
121.149461 22.899920
121.149460 22.899089
121.149389 22.898003
121.149389 22.897300
121.149388 22.896661
121.149249 22.895383
121.149109 22.893849
121.149246 22.892762
121.149657 22.890397
121.150138 22.888863
121.150413 22.887968
121.150757 22.887456
121.150826 22.886817
121.150755 22.885284
121.150615 22.883750
121.150407 22.882536
121.149646 22.880619
121.148679 22.879022
121.147643 22.877809
121.146193 22.876532
121.145572 22.875957
121.144812 22.875000
121.144466 22.874041
121.144465 22.872316
121.144600 22.870972
>
121.149246 22.892762
121.149107 22.891548
121.148622 22.890334
121.147931 22.889185
121.147586 22.888418
121.147308 22.887204
121.146760 22.886201
>
121.153490 22.925480
121.152799 22.924650
121.152246 22.923500
121.150929 22.918133
121.150028 22.913980
121.148392 22.908482
121.148033 22.906794
121.146952 22.898848
121.146946 22.893302
121.146760 22.886201
121.146160 22.876543
>
121.143322 22.866409
121.142025 22.862564
121.141137 22.859224
121.140180 22.853929
121.139427 22.849202
121.138673 22.844411
121.138263 22.842394
121.137376 22.839684
121.136558 22.837730
121.135944 22.835776
121.135397 22.832688
121.135192 22.831490
121.134238 22.829978
121.132944 22.828403
121.131650 22.826576
121.130833 22.825378
121.130084 22.823992
121.129402 22.822290
121.128651 22.819643
121.128105 22.817500
121.127559 22.815294
121.126808 22.812584
121.126058 22.810189
121.125513 22.808361
121.124831 22.806281
121.124354 22.805273
121.123741 22.804012
121.123060 22.802878
121.122242 22.801239
>
121.610610 23.942431
121.603669 23.930781
121.598891 23.924580
121.594649 23.918431
121.588675 23.910105
121.582882 23.902052
121.579181 23.897264
121.576169 23.893893
121.572891 23.890631
121.570093 23.888622
121.567773 23.887376
121.564854 23.884768
121.562352 23.882540
121.557403 23.876883
121.554806 23.873237
121.550396 23.868614
121.546219 23.862900
121.544369 23.860451
121.542636 23.857347
121.540664 23.853917
121.536191 23.848367
121.532614 23.843905
121.529507 23.838459
121.527592 23.834319
121.526298 23.829849
121.525571 23.825868
121.524666 23.822215
121.524359 23.819597
121.523686 23.814470
121.522660 23.809890
121.520976 23.804221
121.517678 23.794956
121.516355 23.790268
121.514800 23.786890
121.511164 23.782210
121.507654 23.779056
121.505424 23.777372
121.503639 23.775741
121.501674 23.773728
121.499648 23.770952
121.498455 23.769046
121.497256 23.765667
121.496117 23.762288
121.494680 23.758451
121.492588 23.754038
121.490553 23.748697
121.490431 23.747770
121.489829 23.745425
121.488693 23.742755
121.488386 23.739864
121.488131 23.735172
121.488577 23.727586
121.488781 23.718778
121.488821 23.713540
121.487915 23.709068
121.487255 23.706888
121.485284 23.702747
121.484029 23.699804
121.483847 23.698495
121.483482 23.696096
121.483001 23.694133
121.480638 23.687985
121.478609 23.684117
121.476165 23.679869
121.473127 23.675458
121.469498 23.671213
121.467056 23.667619
121.463721 23.662685
121.461815 23.659635
121.459849 23.656476
121.459044 23.655093
121.458385 23.653790
121.458369 23.653754
>
121.458369 23.653754
121.457397 23.651585
121.456369 23.649662
121.456246 23.649431
121.454382 23.646024
>
121.415360 23.464538
121.413797 23.464258
121.412437 23.464004
121.411112 23.463686
121.409367 23.463016
121.407832 23.462312
121.406120 23.461192
121.405391 23.460784
>
121.405391 23.460784
121.404689 23.460392
121.403502 23.459591
121.402139 23.458566
121.401082 23.457582
121.399588 23.456193
121.397561 23.454333
121.397506 23.454252
>
120.338657 22.876804
120.336589 22.874465
120.335999 22.873366
120.334226 22.871440
120.333931 22.870752
120.332750 22.869102
120.332160 22.868277
120.330980 22.866078
120.330594 22.864652
120.330009 22.863081
120.329679 22.861355
120.329015 22.858765
120.328517 22.856803
120.327937 22.854370
120.327608 22.852566
120.327361 22.851075
120.326945 22.849584
120.326614 22.848093
120.326283 22.846602
120.326037 22.845033
120.325626 22.842757
120.325386 22.839856
120.325146 22.837189
120.324819 22.834836
120.324846 22.833122
120.324707 22.829828
120.324121 22.827356
120.324127 22.824886
120.322950 22.822000
120.322807 22.820353
120.321926 22.817194
120.321341 22.814722
120.321196 22.813623
120.320756 22.811701
120.320466 22.809641
120.319732 22.807169
>
120.749583 21.992992
120.750021 21.989168
120.750716 21.987115
120.754449 21.975160
120.755621 21.971739
>
120.716583 22.094313
120.717938 22.090033
120.722705 22.081647
120.728333 22.069132
120.729330 22.065647
120.731677 22.058887
120.734154 22.053197
120.744659 22.025182
120.749378 22.012597
120.754691 21.995962
120.756258 21.987134
120.756289 21.985029
120.756384 21.980036
120.756993 21.977057
120.758492 21.970235
120.760616 21.963559
120.762821 21.958970
>
120.633612 22.692826
120.632954 22.689264
120.632551 22.683766
120.632397 22.678966
120.632989 22.676026
120.632251 22.671116
120.631262 22.666701
120.630436 22.663602
120.630609 22.661094
120.628877 22.654123
120.628388 22.649709
120.627564 22.645914
120.625999 22.638679
120.625346 22.633336
120.625025 22.628922
120.624865 22.626445
120.624962 22.621134
120.624707 22.619406
>
120.711980 23.123266
120.709761 23.120754
120.708962 23.119772
120.708041 23.118641
120.706466 23.116980
120.704564 23.115201
120.702530 23.113413
120.699373 23.111149
120.696717 23.108322
120.695390 23.106575
120.693121 23.104313
120.690854 23.101179
120.687700 23.097530
120.685402 23.093918
120.683384 23.090622
120.679000 23.084396
120.673619 23.076290
120.670802 23.071974
120.668427 23.067111
120.666276 23.063289
120.664289 23.059210
120.663676 23.057826
120.663300 23.056976
120.662945 23.056008
120.661538 23.051030
120.659775 23.046563
120.658513 23.043406
120.658003 23.042007
120.657629 23.040632
120.657198 23.038688
120.656535 23.035070
120.655812 23.031472
120.655268 23.029820
120.654725 23.027618
120.654200 23.025350
120.653688 23.023408
120.653671 23.023343
>
120.653682 23.023421
120.652069 23.021128
120.651474 23.020255
120.650319 23.018324
120.650004 23.017799
120.648988 23.015625
120.648237 23.013312
120.647328 23.010272
120.646962 23.009105
120.646689 23.008312
120.646580 23.007725
120.646275 23.006315
120.646166 23.005644
120.646025 23.004635
120.645893 23.003375
120.645834 23.002961
120.645805 23.002563
120.645667 23.002174
120.645452 23.001576
120.645083 23.000529
120.644937 23.000084
120.644804 22.999887
120.644447 22.999370
120.644002 22.998732
120.643671 22.998266
120.642910 22.997047
120.642699 22.996700
120.642439 22.996277
120.642343 22.995961
120.642220 22.995444
120.641902 22.994507
120.641774 22.994183
120.641769 22.994093
120.641756 22.993995
120.641760 22.993896
120.641794 22.993589
120.641777 22.990849
120.642000 22.987826
120.642526 22.983889
120.643436 22.981067
120.645379 22.977371
120.646502 22.975106
120.647109 22.973000
120.647672 22.971012
120.648020 22.969620
120.648258 22.968706
120.648307 22.966518
120.648353 22.965245
120.648231 22.962659
120.648153 22.959437
120.647462 22.952593
120.647383 22.949928
120.647387 22.948655
120.647348 22.947143
120.647437 22.945870
120.648214 22.936166
120.648214 22.936056
>
120.648221 22.936056
120.648332 22.926380
120.647513 22.921657
120.646103 22.909996
120.645341 22.905069
120.643675 22.896771
120.642286 22.885139
120.641689 22.882011
120.639157 22.876486
120.637301 22.872281
120.635606 22.868052
120.634211 22.863346
120.632664 22.859334
120.630471 22.854054
120.628405 22.848959
120.627930 22.847179
120.627616 22.844905
120.627515 22.842829
120.627419 22.839123
120.627454 22.834933
120.627463 22.831646
120.627297 22.828920
120.627037 22.826959
120.626737 22.824173
120.626379 22.820533
120.625837 22.816836
120.625292 22.814476
120.624625 22.811631
120.624140 22.809583
120.623717 22.807422
120.623112 22.804293
120.622629 22.801591
120.622359 22.798973
120.622457 22.797384
120.622464 22.794655
120.622409 22.792494
120.622236 22.788258
120.621819 22.783906
120.621501 22.780776
120.620956 22.775061
120.618510 22.751299
120.617662 22.739362
120.617666 22.737999
120.617606 22.736635
120.610965 22.673936
120.609508 22.669924
120.608737 22.667437
120.606591 22.662749
120.605998 22.658819
120.604453 22.655127
120.603165 22.652398
120.601197 22.646140
120.600674 22.643375
120.600137 22.640931
120.599960 22.639246
120.599964 22.637899
120.600152 22.635794
120.600795 22.633016
120.601896 22.628639
120.602996 22.624936
120.604278 22.620812
120.604579 22.620150
>
121.144600 22.870972
121.144151 22.868406
121.143166 22.866421
121.142299 22.864392
121.140868 22.862124
121.138553 22.859541
121.135964 22.856202
121.132831 22.851603
121.130787 22.848074
121.128575 22.843675
121.126556 22.839214
121.125430 22.832780
121.124080 22.825413
121.123067 22.819602
121.122724 22.811611
121.122497 22.808601
121.122268 22.802686
121.122150 22.796252
121.122420 22.790947
121.122863 22.787221
121.123932 22.784323
121.128152 22.776950
121.134997 22.766569
121.143553 22.755905
121.151706 22.746176
>
120.624707 22.619406
120.623691 22.609114
120.622835 22.596551
120.621715 22.589116
120.621783 22.582128
120.621280 22.570647
120.620249 22.557621
120.619362 22.542885
120.618912 22.535128
120.618446 22.514486
120.618339 22.507035
120.615007 22.487711
120.612556 22.471221
120.612672 22.447674
120.612743 22.433547
120.613668 22.417067
120.614606 22.398233
120.613753 22.381752
120.614772 22.364483
120.613979 22.354277
120.616292 22.337016
120.617250 22.330417
