CLIA 120.4325 22.8301  -48.92   -7.85   -9.17    0.66    0.69    1.34
FLIS 120.3942 22.6964  -53.82   -6.25   -2.13    0.59    0.59    1.30
FONS 120.3817 22.5301  -44.62  -16.21   -2.69    0.56    0.56    1.28
G001 120.4960 22.7818  -52.38   -5.84   -2.52    0.43    0.44    0.99
G002 120.4426 22.7231  -50.91   -6.25    0.38    0.49    0.49    1.07
G003 120.6099 22.7021  -53.37   -0.12   -3.51    0.52    0.52    1.16
G004 120.5646 22.6613  -54.19   -1.07   -1.79    0.42    0.42    0.99
G005 120.5258 22.6214  -51.27   -1.81   -4.18    0.43    0.42    0.98
G006 120.5944 22.5708  -53.87   -0.04   -5.31    0.56    0.56    1.17
G007 120.4668 22.6545  -50.97   -6.48    4.49    0.72    0.65    1.40
G010 120.5884 22.5086  -54.54   -0.05   -4.33    0.42    0.42    0.97
G011 120.3930 22.5076  -44.19  -16.32   -4.15    0.57    0.58    1.17
G012 120.4515 22.5243  -45.08  -13.89  -13.40    0.47    0.46    1.06
G013 120.5512 22.4714  -52.06   -1.72  -27.61    0.65    0.66    1.74
G014 120.4955 22.4573  -46.60   -8.17  -17.35    0.56    0.58    1.30
G015 120.4948 22.4259  -50.13  -15.46  -19.94    0.43    0.42    0.97
G016 120.4608 22.8347  -49.68   -5.07   -3.38    0.43    0.42    0.99
G017 120.5983 22.8273  -52.56   -0.95   -5.80    0.42    0.42    1.00
G018 120.6107 22.7908  -53.36   -0.57   -4.63    0.51    0.49    1.10
G019 120.5758 22.7537  -52.82   -1.63   -4.18    0.55    0.53    1.19
G020 120.4900 22.7358  -52.29   -6.75   -1.78    0.39    0.39    0.99
G021 120.5069 22.6983  -52.39   -4.30   -7.16    0.53    0.54    1.20
G022 120.3947 22.6059  -46.37  -15.54   -1.49    0.42    0.42    1.00
G023 120.4687 22.6148  -50.94   -7.56   -1.58    0.44    0.43    1.01
G024 120.5947 22.6307  -52.20   -1.61   -3.52    0.56    0.56    1.21
G025 120.5660 22.6088  -53.09    0.38   -3.88    0.45    0.45    1.01
G026 120.4251 22.5653  -47.03   -8.54  -12.13    0.59    0.60    1.23
G027 120.5431 22.5345  -53.50   -2.92  -15.99    0.57    0.58    1.20
G028 120.5123 22.5147  -53.69   -2.09  -14.12    0.48    0.48    1.05
G029 120.6159 22.4230  -53.20    1.39   -1.49    0.43    0.43    0.99
G030 120.4553 22.4703  -44.21  -16.79  -22.61    0.51    0.51    1.18
G031 120.5267 22.4265  -54.58   -1.96  -25.86    0.43    0.43    1.00
G032 120.5497 22.3967  -58.94   -7.56  -20.86    1.43    1.41    3.42
G033 120.5952 22.4097  -53.80   -0.05   -4.95    0.48    0.49    1.10
G034 120.5893 22.3687  -53.21    1.67  -14.01    0.50    0.50    1.12
G035 120.6210 22.3307  -47.63    0.32   -1.97    0.56    0.57    1.22
G048 120.5536 22.8996  -54.23   -5.88  -12.31    0.62    0.60    1.24
G049 120.6646 22.8856  -51.26   -4.85   -8.69    0.68    0.62    1.23
G050 120.6491 22.5276  -55.58    2.49    0.22    0.44    0.44    1.06
G051 120.4800 22.5632  -47.71   -4.10   -5.22    0.65    0.68    1.29
G052 120.6319 22.5908  -55.90    2.24   -3.92    0.49    0.46    1.08
G053 120.6872 22.6762  -54.40   -0.11   19.41    2.62    2.58    6.10
G054 120.6411 22.8174  -53.11    1.33   -3.02    0.45    0.45    1.07
G149 120.1811 22.9031  -11.85   -5.34   -9.31    0.92    0.94    1.73
G150 120.2620 22.9102  -25.63    0.92   -4.03    0.49    0.49    1.24
G151 120.1950 22.8647  -20.69   -2.95  -11.26    0.65    0.65    1.46
G152 120.2588 22.8562  -26.65   -3.65   -2.03    0.51    0.51    1.26
G153 120.2246 22.8146  -29.23   -2.35   -9.99    0.64    0.68    1.46
G154 120.2884 22.8012  -26.81   -2.23  -11.70    0.66    0.66    1.46
G155 120.3800 22.7477  -51.65   -8.18  -13.08    0.94    0.94    1.80
G156 120.2487 22.7334  -37.29  -18.33   -4.74    1.02    1.02    1.79
G157 120.2712 22.6088  -49.43  -21.30   -3.06    0.69    0.69    1.49
G158 120.2930 22.6917  -43.37  -18.72   -0.34    0.64    0.64    1.45
G159 120.3579 22.6834  -51.98   -8.77   -3.97    0.63    0.62    1.44
G160 120.3253 22.5437  -46.56  -18.28   -3.01    0.65    0.66    1.45
G397 120.2992 22.8946  -25.18   -1.92   -7.55    0.82    0.82    2.07
G441 120.5330 22.8302  -46.89   -4.39   17.39    1.15    1.11    2.69
G472 120.3500 22.8765  -33.04   -2.45    0.01    1.42    1.42    3.38
G474 120.3788 22.8777  -28.22   -7.51    9.65    1.42    1.42    3.35
G485 120.4922 22.8821  -47.13   -5.10    3.25    1.43    1.40    3.33
G489 120.5200 22.8842  -49.35    1.85    8.26    1.69    1.40    3.67
G493 120.5711 22.8787  -51.58   -1.58   14.44    1.71    1.44    3.73
G527 120.3636 22.7855  -37.73   -5.86   23.39    1.49    1.35    3.24
G536 120.4053 22.7775  -52.35   -9.13   27.67    1.01    0.95    2.37
G543 120.4494 22.7760  -47.57   -5.86   20.69    1.54    1.46    3.56
G550 120.5244 22.7777  -52.55    2.60   -3.08    1.63    1.52    3.71
G555 120.5603 22.7855  -52.21   -0.97   -3.33    1.44    1.36    3.30
G560 120.6029 22.7868  -52.29    6.20   16.79    1.35    1.31    3.18
G570 120.6448 22.7661  -57.92   -2.20   33.57    1.40    1.44    3.35
G572 120.3237 22.8493  -31.44   -6.29   -0.01    0.95    0.95    2.37
G574 120.3033 22.7937  -37.08   -9.81    6.64    2.02    2.02    4.83
G575 120.3607 22.8642  -30.07   -9.77   22.45    1.00    0.99    2.50
G587 120.5428 22.9007  -47.02   -4.95   18.35    0.98    0.91    2.38
G589 120.4055 22.8374  -35.10  -10.05   29.90    1.01    0.98    2.40
G590 120.5059 22.8200  -50.38   -4.65   15.35    0.95    0.92    2.35
G593 120.3562 22.7295  -50.31  -10.77   11.50    0.97    0.97    2.38
G594 120.4052 22.7233  -49.72  -10.15    3.10    0.98    0.97    2.44
G599 120.6818 22.9086  -43.90   -1.72   36.10    1.26    1.23    2.93
G600 120.7164 22.9102  -45.32   -2.92   10.61    0.94    0.92    2.43
G602 120.6349 22.8645  -46.41   -4.38   31.90    1.95    2.02    4.63
G603 120.6964 22.8110  -52.43   -1.56    9.60    0.94    0.92    2.40
G605 120.6108 22.7260  -48.62   -0.95   25.16    0.98    0.99    2.40
G606 120.6693 22.7255  -44.42   -2.66   34.75    2.11    2.17    5.00
G607 120.7317 22.7451  -47.85   -0.02   15.28    1.01    0.99    2.48
G608 120.7582 22.7279  -49.61   -1.31   11.96    0.94    0.94    2.36
G610 120.7076 22.6925  -53.77    0.48   16.93    1.06    0.98    2.43
G611 120.6017 22.6666  -52.06   -1.45    8.06    0.96    0.95    2.34
G612 120.6305 22.6534  -54.29    0.42    5.36    1.02    0.96    2.41
G616 120.6270 22.5280  -55.26    1.04   16.44    1.01    0.92    2.33
G617 120.6792 22.5270  -57.05    0.39   17.66    0.97    0.95    2.34
G618 120.6873 22.5268  -58.17    2.57   18.05    0.99    0.94    2.36
G621 120.6427 22.4357  -56.63    0.91    9.04    0.97    0.92    2.31
G622 120.6283 22.4279  -56.14    1.30    0.99    0.95    0.92    2.31
G624 120.6008 22.3634  -57.76   -0.89    8.10    1.89    2.19    4.78
G625 120.6257 22.3606  -52.14   -5.26   12.82    1.96    2.11    4.73
G626 120.6636 22.3691  -54.01    1.51   -4.05    2.11    2.11    4.96
I042 120.2527 22.7701  -25.19   -8.64   -5.09    1.01    0.99    1.78
O575 120.6638 22.4138  -56.98    2.13   -2.69    0.57    0.55    1.19
S133 120.2928 22.7599  -41.81   -3.74   -8.82    0.65    0.66    1.45
S138 120.3671 22.8127  -45.87   -6.40    8.13    1.02    1.03    1.78
S146 120.3520 22.9048  -35.94   -5.51    1.14    0.86    0.86    1.72
S23R 120.6062 22.6450  -53.31    0.82   -3.73    0.39    0.39    1.11
SASL 120.3785 22.6149  -51.68  -17.35   -6.36    0.60    0.61    1.60
