==============================================================================================
There are 14 records found

Search criteria:
  Start: 2022-03-21		End: 2022-03-25
  1 <= ML <= 10 		0 <= Depth <= 999 		0 <= Plunge <= 90
  Realtime Solutions

File Header:
Longitude, Latitude, Centroid Depth, strike1, dip1, slip1, Mw, Longitude, Latitude, Label
==============================================================================================
121.3700 22.0400 18 201.30 19.91 44.40 4.60 121.3700 22.0400 2203221706
121.5200 23.4300 36 217.15 28.70 118.17 6.71 121.5200 23.4300 2203221741
121.5200 23.4200 36 210.95 33.52 106.78 4.99 121.5200 23.4200 2203221837
121.5200 23.4800 24 218.84 25.14 125.27 5.61 121.5200 23.4800 2203221935
121.4400 23.4200 22 213.07 32.13 103.90 5.85 121.4400 23.4200 2203222029
121.4200 23.3400 18 213.88 16.26 105.41 4.80 121.4200 23.3400 2203222141
121.4400 23.4200 26 231.78 33.89 119.15 4.33 121.4400 23.4200 2203222243
121.4500 23.4500 25 219.38 49.69 130.44 4.12 121.4500 23.4500 2203230155
121.4600 23.4500 23 224.98 40.58 109.39 4.08 121.4600 23.4500 2203230425
121.4000 23.3100 15 217.33 16.99 107.35 4.32 121.4000 23.3100 2203230918
121.4300 23.3600 20 231.54 11.83 125.05 3.82 121.4300 23.3600 2203230938
121.4900 23.4500 23 226.63 43.18 113.50 4.38 121.4900 23.4500 2203232045
121.4600 23.4400 23 198.47 23.62 89.79 5.17 121.4600 23.4400 2203240038
121.4000 23.4200 14 283.87 34.42 159.37 3.84 121.4000 23.4200 2203250108
