>
120.437695 23.316896
120.436704 23.316250
120.435563 23.315787
120.434422 23.315232
120.433431 23.314677
120.431796 23.313386
120.430657 23.312464
120.429865 23.311865
120.428328 23.310941
120.427337 23.310341
120.426197 23.309511
120.424761 23.308496
120.423224 23.307526
120.421688 23.306648
120.419704 23.305723
120.418018 23.304799
120.416829 23.303968
120.415491 23.303275
120.413757 23.302167
120.412270 23.301198
120.410983 23.300183
120.410078 23.299417
>
120.410078 23.299417
120.410063 23.299405
120.409360 23.298819
120.408657 23.298233
120.407955 23.297647
120.407252 23.297061
120.406549 23.296475
120.405846 23.295889
120.405144 23.295303
120.404441 23.294717
120.403738 23.294131
120.403117 23.293416
120.401927 23.292080
120.401182 23.291342
120.400495 23.290692
120.399410 23.289523
120.398845 23.288896
120.398313 23.288112
120.397805 23.287546
120.397136 23.286732
120.396717 23.285759
120.396184 23.284974
120.395880 23.284074
120.395341 23.283237
120.395088 23.282185
120.394968 23.281373
120.394664 23.280473
120.394357 23.279468
120.394049 23.278463
120.393742 23.277458
120.393435 23.276453
120.392888 23.275628
120.392341 23.274802
120.391795 23.273977
120.391219 23.273103
120.390644 23.272229
120.390068 23.271355
120.389492 23.270481
120.388917 23.269607
120.388463 23.268559
120.388009 23.267510
120.387555 23.266462
120.387102 23.265414
120.386724 23.264499
120.386347 23.263585
120.385970 23.262671
120.385592 23.261757
120.385215 23.260842
120.384821 23.260017
120.384428 23.259192
120.384034 23.258367
120.383641 23.257542
120.383247 23.256717
120.382853 23.255892
120.382179 23.255006
120.381504 23.254119
120.380830 23.253233
120.380155 23.252347
120.379665 23.251393
120.379174 23.250438
120.378683 23.249484
120.378192 23.248530
120.377733 23.247350
120.377274 23.246170
120.376815 23.244990
120.376331 23.244233
120.375847 23.243476
120.375364 23.242719
120.374880 23.241963
120.374396 23.241206
120.373912 23.240449
120.373429 23.239692
120.372929 23.238862
120.372430 23.238031
120.371931 23.237201
120.371432 23.236370
120.370933 23.235540
120.370434 23.234709
120.369935 23.233879
120.369378 23.232733
120.368821 23.231587
120.368264 23.230441
120.367819 23.229409
120.367375 23.228378
120.366931 23.227347
120.366486 23.226316
120.366263 23.225423
120.366040 23.224529
120.365817 23.223636
120.365594 23.222743
120.365371 23.221850
120.365311 23.220872
120.365252 23.219894
120.365192 23.218915
120.365132 23.217937
120.365155 23.217011
120.365178 23.216084
120.365201 23.215158
120.365223 23.214232
120.365246 23.213305
120.365269 23.212379
120.365291 23.211452
120.365314 23.210526
120.365320 23.209382
120.365325 23.208238
120.365330 23.207095
120.365194 23.206162
120.365058 23.205229
120.364922 23.204296
120.364786 23.203363
120.364649 23.202431
120.364513 23.201498
>
121.056211 24.788259
121.054327 24.787543
121.052626 24.786970
121.051814 24.786588
121.050977 24.786135
121.048987 24.784750
121.048124 24.784177
121.047522 24.783771
121.047155 24.783484
121.046737 24.783126
121.046135 24.782840
121.045794 24.782649
121.045428 24.782362
121.044850 24.781912
121.044567 24.781746
121.042853 24.780745
121.038042 24.777819
121.035690 24.776161
121.034844 24.775670
121.033339 24.774795
121.030207 24.773136
121.030025 24.773040
121.018599 24.767905
121.012622 24.764326
>
121.172318 24.777890
121.171718 24.778330
121.170577 24.779045
121.169256 24.779706
121.167814 24.780531
121.164871 24.781853
121.161266 24.783561
121.159043 24.784333
121.158142 24.784774
121.156761 24.785434
121.153876 24.786428
121.151714 24.787474
121.150392 24.787915
121.149070 24.788357
121.147868 24.788743
121.144623 24.789846
121.142640 24.790673
121.140297 24.791281
121.138613 24.791559
121.136690 24.791892
121.134526 24.792062
121.131640 24.792233
121.127732 24.792132
121.127372 24.792133
121.125688 24.791753
121.123223 24.791759
121.119015 24.792097
121.114746 24.792435
121.112882 24.792275
121.111560 24.792497
121.108914 24.792338
121.107471 24.792341
121.104045 24.792787
121.102782 24.792845
121.101641 24.793230
121.097372 24.793130
121.095207 24.792751
121.092982 24.792427
121.091900 24.792320
121.089014 24.791942
121.086849 24.791672
121.086368 24.791564
121.083662 24.791514
121.081197 24.791629
121.078372 24.791525
121.075365 24.790928
121.073982 24.790602
121.071396 24.790169
121.067707 24.789761
>
120.934705 24.713230
120.933582 24.712452
120.930700 24.710697
120.929978 24.710229
120.929001 24.709250
120.922390 24.703949
>
120.780686 24.410077
120.779026 24.410543
120.777471 24.410884
120.775997 24.411151
120.775461 24.411175
120.774979 24.411101
120.774604 24.410929
120.774150 24.410560
120.773802 24.410093
120.773267 24.409700
120.772330 24.409134
120.771314 24.408372
120.770645 24.407660
120.769629 24.406481
120.768480 24.404835
120.765169 24.400615
>
120.819045 24.392557
120.818637 24.392965
120.817860 24.393444
120.817025 24.393781
120.816423 24.394295
120.816053 24.395006
120.815586 24.395983
120.815294 24.396534
120.814652 24.397297
120.814223 24.398363
120.813446 24.399340
120.812260 24.400583
120.810608 24.402074
120.810025 24.402447
120.808956 24.402907
120.808510 24.403013
120.808121 24.403084
120.807655 24.403261
120.807092 24.403314
120.806549 24.403242
120.806064 24.403206
120.805695 24.403330
120.805092 24.403631
120.804502 24.403690
120.804286 24.403690
120.804030 24.403640
120.803855 24.403603
120.803572 24.403627
120.802802 24.403735
120.802258 24.403663
120.801676 24.403698
120.800841 24.403786
120.800414 24.403821
120.800065 24.403749
120.798646 24.403574
120.797080 24.403201
120.795917 24.403015
120.794653 24.402781
120.793136 24.403428
120.792350 24.404345
>
120.743926 24.366033
120.743365 24.364518
120.742649 24.361216
120.741665 24.356788
>
120.741728 24.356788
120.737054 24.320171
120.736854 24.312607
120.736558 24.309678
120.735958 24.307580
120.735748 24.304533
120.735663 24.304018
120.735582 24.301525
120.735714 24.299943
120.735552 24.295036
120.735254 24.292141
120.734952 24.289150
120.734829 24.287229
120.734987 24.283640
120.735481 24.273579
120.735323 24.258660
120.734862 24.249342
120.734082 24.246242
120.732179 24.238682
120.731385 24.236228
120.729754 24.231537
120.727866 24.224716
120.726457 24.220673
120.725632 24.218633
120.725219 24.217649
120.724877 24.215682
120.724331 24.212732
120.724161 24.211051
120.724303 24.209656
120.724447 24.206834
120.724419 24.203805
120.724631 24.201744
120.724634 24.200381
120.724464 24.199096
120.724157 24.197129
120.723644 24.194592
120.723508 24.193450
120.723137 24.189089
120.723457 24.184862
120.723598 24.183435
>
120.835233 24.402855
120.834790 24.402113
120.834162 24.401090
120.833639 24.400419
120.832870 24.399714
120.831997 24.398945
120.830588 24.398027
120.829610 24.397803
120.828701 24.397707
120.827652 24.397864
120.826777 24.398023
120.825868 24.398054
120.825414 24.397798
120.824105 24.396753
120.823080 24.395935
120.821466 24.394647
120.820841 24.394147
120.820614 24.393893
120.820141 24.393347
120.819862 24.393060
120.819302 24.392703
120.819039 24.392567
>
120.601451 23.946499
120.601451 23.946497
>
120.545269 24.100727
120.544939 24.095841
120.545005 24.092322
120.544957 24.088908
120.545022 24.085967
120.545089 24.082343
120.544708 24.075145
120.544502 24.066321
120.544111 24.062958
120.544176 24.059754
120.544185 24.056497
120.544194 24.053293
120.544782 24.047097
120.545194 24.043002
120.545889 24.039695
120.546758 24.035968
120.548833 24.030144
120.550157 24.026892
120.551939 24.023904
120.556185 24.019190
120.561175 24.014268
120.566453 24.008663
120.569035 24.005520
120.571387 24.002795
120.575862 23.997714
120.580454 23.990952
120.583094 23.987440
120.587514 23.980624
120.589811 23.976692
120.591936 23.972968
120.594867 23.966569
120.597513 23.960115
120.598434 23.957334
120.600855 23.948727
120.601451 23.946497
>
120.601451 23.946497
120.601378 23.943675
120.601748 23.938477
120.603243 23.929941
120.604294 23.919548
120.604353 23.907861
120.604644 23.902804
120.604728 23.895607
120.604902 23.887271
120.604949 23.876581
120.604456 23.865743
120.604397 23.857547
120.603847 23.851554
120.604223 23.845857
120.605584 23.835396
120.607795 23.825016
120.609436 23.817052
120.611486 23.807097
120.613115 23.800131
120.614318 23.793231
>
120.601451 23.946497
120.601451 23.946497
>
120.801041 23.998669
120.800855 23.997768
120.800274 23.995851
120.799359 23.994029
120.798319 23.992150
120.796904 23.989810
120.796030 23.988624
120.794980 23.987571
120.792180 23.984527
120.790421 23.982318
120.788401 23.979513
>
120.805978 24.029132
120.806549 24.024362
120.806978 24.019525
120.807166 24.017092
120.807017 24.013971
120.806947 24.012547
120.806017 24.009434
120.805138 24.006991
120.803479 24.004452
120.802263 24.002293
120.801829 24.001391
120.801476 24.000700
120.801289 24.000259
120.801123 23.999703
120.801020 23.998726
>
120.653997 24.372649
120.651343 24.370163
120.649519 24.368505
120.647627 24.366763
120.646819 24.365998
120.645780 24.365211
120.644718 24.364467
120.643506 24.363675
120.642363 24.362618
120.639986 24.360514
120.634796 24.355033
120.632580 24.352592
120.630699 24.350173
120.627682 24.345877
120.623921 24.340750
120.620668 24.337030
120.617255 24.333995
120.615332 24.332512
120.613764 24.330814
120.612071 24.328190
120.608601 24.319764
>
120.602906 24.292637
120.606917 24.298073
120.610550 24.301611
120.613061 24.305572
120.615247 24.309967
120.621340 24.322054
120.623548 24.324628
120.627255 24.328822
120.635611 24.338749
120.645792 24.349862
120.650295 24.354502
120.654164 24.358624
120.659610 24.364657
120.661193 24.366059
>
120.602716 24.292496
120.598951 24.288625
120.596126 24.285598
120.593688 24.282426
120.591645 24.279960
120.589217 24.277710
120.585458 24.274264
120.582711 24.271236
>
120.567080 24.247649
120.565290 24.244673
120.563857 24.242289
120.559985 24.236885
120.557266 24.232928
120.555750 24.230523
120.555111 24.229088
120.554018 24.226216
120.553658 24.223938
120.553294 24.222840
120.552566 24.220561
120.551931 24.217860
120.550926 24.215917
120.550383 24.213637
120.549473 24.210682
120.548746 24.208234
120.548021 24.205280
120.547388 24.202073
120.546750 24.200468
120.546297 24.198611
120.545666 24.194982
120.544663 24.192617
120.544398 24.189495
120.544133 24.186627
120.543683 24.183757
120.543233 24.181141
120.543608 24.179118
120.543340 24.176839
120.543634 24.174246
120.543301 24.172243
120.542854 24.169924
120.542919 24.165957
120.542931 24.162499
120.543125 24.159631
120.543042 24.157185
120.543146 24.153895
120.543072 24.148834
120.543451 24.145545
120.543463 24.142171
120.543756 24.137196
120.544630 24.124124
>
120.596989 24.293320
120.592345 24.287045
120.587712 24.281763
120.583623 24.276547
120.579118 24.268711
120.576826 24.264757
120.574365 24.259529
120.572303 24.255290
120.569858 24.251480
120.567264 24.248096
>
120.608600 24.319788
120.602220 24.304825
120.600748 24.301032
120.598976 24.296958
120.597000 24.293159
>
120.754773 24.378383
120.754039 24.377157
120.753576 24.376121
120.752388 24.373913
120.751833 24.372775
120.751455 24.371776
120.750798 24.370335
120.750040 24.368933
120.749263 24.367532
>
120.738594 24.306279
120.738768 24.305527
120.738642 24.303907
120.738905 24.301887
120.739078 24.300731
>
120.740308 24.306444
120.740367 24.305055
120.740673 24.302879
120.741023 24.300981
120.741071 24.298448
>
120.742386 24.320258
120.742218 24.317802
120.742067 24.315598
>
120.780686 24.410077
120.779220 24.410075
120.777801 24.409598
120.777500 24.409433
120.777358 24.409341
120.777232 24.409249
120.777020 24.409065
120.776851 24.408885
120.776700 24.408647
120.776436 24.408277
120.776019 24.407732
120.775601 24.407207
120.775185 24.406828
120.774638 24.406375
120.774170 24.406006
120.773873 24.405802
120.773576 24.405506
120.773254 24.405279
120.772759 24.405119
120.772363 24.405005
120.771818 24.404823
120.770644 24.404251
120.770466 24.404094
120.770196 24.403854
120.769947 24.403688
120.769712 24.403536
120.769463 24.403421
120.769189 24.403308
120.768950 24.403230
120.768372 24.402843
120.767774 24.402171
120.766710 24.400684
120.766363 24.400146
120.765802 24.399359
120.765330 24.398654
120.764445 24.397407
120.763766 24.396285
120.762670 24.394931
120.760750 24.392751
120.760132 24.391723
120.759743 24.390822
120.758899 24.389056
120.758182 24.387573
120.757261 24.385477
120.756878 24.384299
120.756470 24.382769
120.756140 24.381293
>
120.810094 24.402400
120.809378 24.402603
120.808827 24.402666
120.808479 24.402646
120.808102 24.402596
120.807832 24.402621
120.807522 24.402719
120.807131 24.402780
120.806714 24.402780
120.806377 24.402755
120.806134 24.402717
120.805838 24.402742
120.805474 24.402803
120.805042 24.402889
120.804732 24.402925
120.804462 24.402937
120.804247 24.402925
120.804031 24.402888
120.803843 24.402875
120.803627 24.402887
120.803312 24.402872
120.802827 24.403034
120.802311 24.403048
120.801794 24.403032
120.800938 24.403149
120.800551 24.403105
120.799631 24.402911
120.797920 24.402732
120.796951 24.402686
120.796225 24.402700
120.795353 24.402684
120.794653 24.402781
>
121.631729 24.028856
121.631045 24.028181
121.622310 24.017342
121.617940 24.011198
121.615352 24.006315
121.613141 24.001524
121.610650 23.994868
121.609766 23.990014
121.609727 23.981653
121.610297 23.972160
121.610397 23.967302
121.610358 23.964129
>
121.127096 22.951379
121.124781 22.946821
121.123422 22.943705
121.122314 22.940496
121.121356 22.936821
121.120196 22.931100
121.119138 22.927146
121.117878 22.922076
121.116569 22.918866
121.114858 22.915378
121.114455 22.912866
121.113596 22.907005
121.112889 22.902493
121.112132 22.897748
121.111294 22.893776
121.109394 22.888244
121.107400 22.884205
121.106545 22.882097
121.103604 22.879376
121.101991 22.877269
121.100567 22.874020
121.099616 22.870332
121.098928 22.866725
121.097921 22.863050
121.096512 22.859189
121.095304 22.854538
121.094851 22.852723
121.094547 22.848955
121.092521 22.822019
121.091766 22.818344
121.091663 22.814529
121.091608 22.807969
121.091133 22.800505
121.090943 22.799012
121.090563 22.797783
>
121.353916 23.477321
121.352741 23.473621
121.351631 23.470099
121.350781 23.467294
121.350388 23.465264
121.350315 23.462277
121.350628 23.458215
121.350946 23.456004
121.351909 23.452837
121.352806 23.449310
121.353640 23.446561
121.354086 23.443872
121.354405 23.442139
121.354854 23.440466
121.355170 23.437598
121.355099 23.435508
>
121.393140 23.493414
121.389563 23.488227
121.386310 23.483158
121.381436 23.477077
121.379225 23.474036
121.376949 23.470398
121.373568 23.465568
121.371227 23.461990
121.368334 23.457637
121.365540 23.453880
121.363458 23.450421
121.360856 23.445828
121.358839 23.441890
121.356366 23.437177
121.354024 23.432822
121.351943 23.429303
121.348431 23.423039
121.345635 23.418087
121.342906 23.413673
121.338963 23.403229
121.335965 23.394873
121.335470 23.393439
121.333993 23.388347
121.332268 23.383271
121.329065 23.373458
121.326229 23.363870
121.324138 23.358569
121.322712 23.352738
121.321670 23.349093
121.318451 23.338644
121.317486 23.335888
121.316803 23.333080
121.314185 23.321844
121.312082 23.314251
121.310777 23.310298
121.307719 23.303747
>
121.454327 23.645924
121.452844 23.643499
121.450048 23.640015
121.447612 23.637839
121.444881 23.635937
121.441673 23.633000
121.439772 23.631423
121.437573 23.628919
121.435073 23.625106
121.433822 23.623145
121.431399 23.620959
121.430445 23.619106
121.429194 23.616818
121.427706 23.614584
121.426274 23.611140
121.424369 23.608144
121.420745 23.604225
121.418429 23.602103
121.415639 23.600037
121.411963 23.598301
121.407305 23.595203
121.403982 23.592919
121.402498 23.591668
121.401844 23.590851
121.401070 23.589489
121.400828 23.587798
121.400935 23.583869
121.400628 23.580268
121.400200 23.575740
121.399176 23.570068
121.397384 23.564561
121.394343 23.557312
121.392436 23.552896
121.390619 23.548972
121.389127 23.544938
121.388708 23.543302
121.388701 23.540792
121.389103 23.536589
121.389792 23.529603
121.390250 23.524309
121.391116 23.516885
121.392047 23.511426
121.392745 23.507495
121.394213 23.503836
121.397458 23.500553
121.400820 23.497052
121.401938 23.495205
121.402996 23.492747
121.403815 23.489798
121.404277 23.485977
121.404269 23.483467
121.403787 23.480576
121.403428 23.479376
121.402351 23.475178
121.401452 23.471524
121.400970 23.468633
121.400074 23.465525
121.399620 23.463243
>
121.399620 23.463243
121.399173 23.460998
121.398525 23.458467
121.397916 23.456090
121.397570 23.454342
>
120.387775 22.773579
120.387175 22.772962
120.386124 22.772120
120.385435 22.771390
120.382832 22.767217
120.380023 22.762093
120.378379 22.759237
120.372535 22.751846
120.371310 22.750973
120.368510 22.749388
120.366527 22.748078
120.362797 22.744971
120.360410 22.742683
120.357894 22.739822
120.356635 22.738336
120.355107 22.736625
120.353410 22.734256
120.352180 22.731361
120.351408 22.729094
120.349421 22.722520
>
120.486926 22.902197
120.485110 22.899327
120.483432 22.896752
120.481787 22.893432
120.480033 22.889277
>
121.168243 22.956641
121.168068 22.955845
121.167539 22.953444
121.167599 22.952244
121.167113 22.950136
121.165368 22.944905
121.164413 22.939546
121.164029 22.935943
>
121.397506 23.454252
121.397038 23.453756
121.396160 23.452969
121.392687 23.449992
121.388859 23.446836
121.386457 23.444631
121.382557 23.439146
121.379764 23.435987
121.376387 23.431993
121.373462 23.427879
121.371479 23.424539
121.367060 23.418457
121.364656 23.414998
121.361214 23.410646
121.359718 23.408021
121.358608 23.404320
121.356718 23.399427
121.355740 23.396860
121.354374 23.394176
121.353202 23.391252
121.352677 23.388565
121.352477 23.386475
121.352212 23.383967
121.351361 23.380265
121.350380 23.376265
121.350118 23.372976
121.348756 23.366358
121.347304 23.359657
121.343515 23.350577
121.339419 23.343248
121.336488 23.338256
121.335069 23.335716
121.334576 23.334811
121.334021 23.333599
121.333579 23.332450
121.333247 23.331335
121.332841 23.330119
121.332065 23.327280
121.331122 23.323465
121.330709 23.321581
121.330547 23.320335
121.329663 23.313517
121.329291 23.310263
>
121.329291 23.310263
121.328676 23.307179
121.327695 23.303646
121.327071 23.301194
121.326424 23.299399
121.325383 23.297678
121.324482 23.296276
121.321835 23.292743
121.320588 23.291023
121.319457 23.289374
121.318131 23.287474
121.316302 23.285029
121.313881 23.282130
121.309040 23.276254
121.305212 23.271491
121.302284 23.267400
121.300932 23.265017
121.299691 23.262427
121.298900 23.259836
121.298223 23.258437
121.297378 23.257090
121.296195 23.255018
121.295445 23.253251
121.293215 23.249683
121.292241 23.248237
121.291644 23.247370
121.291046 23.246415
121.290198 23.245548
121.289286 23.244535
121.287930 23.243734
121.286271 23.242661
121.285194 23.241587
121.283755 23.239023
121.282315 23.235715
121.280603 23.230917
121.278532 23.225707
121.277092 23.222349
121.275651 23.218130
121.274118 23.213249
121.271870 23.208701
121.269802 23.204152
121.267553 23.199272
121.265757 23.196378
121.262259 23.193404
121.260016 23.191256
121.257861 23.187866
121.255886 23.185138
121.253105 23.182328
121.250593 23.179435
121.249497 23.177616
121.247969 23.174224
121.246348 23.169178
121.243474 23.164133
121.241858 23.161239
121.239431 23.155780
121.238529 23.151973
121.236547 23.144858
121.235825 23.141134
121.235102 23.137493
121.234020 23.132446
121.233118 23.128325
121.232755 23.125512
121.232303 23.123029
121.229969 23.118977
121.227725 23.114593
121.224673 23.109217
121.222876 23.104584
121.221796 23.100894
121.220449 23.097668
121.219817 23.094275
121.218647 23.090056
121.217385 23.084346
121.215767 23.079713
121.214238 23.074252
121.212800 23.070215
121.210827 23.067155
121.208319 23.064758
121.206973 23.062442
121.205538 23.059795
121.203567 23.057563
121.200609 23.053759
121.197438 23.050485
121.194124 23.047013
121.191616 23.044946
121.190274 23.044451
121.188214 23.042136
121.186152 23.038612
121.182924 23.032408
121.180916 23.029050
121.179125 23.026983
121.177958 23.024335
121.176431 23.018708
121.175351 23.013743
121.174541 23.009109
121.173459 23.002488
121.172380 22.997771
121.172376 22.994626
121.172819 22.991066
121.173798 22.987423
121.173974 22.985353
121.173523 22.982457
121.172355 22.977905
121.171907 22.976747
121.171813 22.973188
121.170517 22.966766
121.168450 22.957580
121.168243 22.956641
