120.6124 	23.4179    8  0  0.5  LB   C001
120.5772 	23.3617    8  0  0.5  LB   C002
120.4193 	23.3024    8  0  0.5  LB   C003
120.4690 	23.1934    8  0  0.5  LB   C005
120.6168 	23.1194    8  0  0.5  LB   C007
120.6931 	23.2255    8  0  0.5  LB   C009
120.7107 	23.2658    8  0  0.5  LB   C010
120.7216 	23.2799    8  0  0.5  LB   C011
120.4332 	23.4960    8  0  0.5  LB   CHIA
120.5635 	23.3771    8  0  0.5  LB   CHNL
120.7744 	23.7562    8  0  0.5  LB   I007
120.5845 	23.6596    8  0  0.5  LB   M372
120.5764 	23.6306    8  0  0.5  LB   M454
120.6894 	23.6901    8  0  0.5  LB   M498
120.3055 	23.5799    8  0  0.5  LB   PKGM
120.1627 	23.1731    8  0  0.5  LB   S003
120.1887 	23.3825    8  0  0.5  LB   S004
120.2166 	23.5991    8  0  0.5  LB   S005
120.3831 	23.2541    8  0  0.5  LB   S007
120.4436 	23.4201    8  0  0.5  LB   S008
120.3394 	23.2054    8  0  0.5  LB   S011
120.4883 	23.0595    8  0  0.5  LB   S012
120.5637 	23.2536    8  0  0.5  LB   S013
120.6487 	23.4044    8  0  0.5  LB   S014
120.6814 	23.5550    8  0  0.5  LB   S015
120.8244 	23.2636    8  0  0.5  LB   S025
120.9163 	23.2822    8  0  0.5  LB   S026
120.8895 	23.4838    8  0  0.5  LB   S027
120.5117 	23.1923    8  0  0.5  LB   S066
120.5011 	23.3264    8  0  0.5  LB   S069
120.5620 	23.4520    8  0  0.5  LB   S070
120.3220 	23.4694    8  0  0.5  LB   S071
120.5285 	23.1849    8  0  0.5  LB   S092
120.5015 	23.6607    8  0  0.5  LB   S094
120.4752 	23.5644    8  0  0.5  LB   S103
120.6062 	22.6450    8  0  0.5  LB   S23R
120.6949 	23.4701    8  0  0.5  LB   S326
120.6081 	23.5672    8  0  0.5  LB   S328
120.7100 	23.5622    8  0  0.5  LB   S330
120.4807 	23.5358    8  0  0.5  LB   STCS
120.9082 	23.8811    8  0  0.5  LB   SUNM
                          
                          
                          
                          
                          
                          
                          
                          
                          
                          
                          
                          