120.6915   23.7296   -0.05     -0.31    88  
120.4708   23.6229   0.10      -0.79    129 
120.3487   23.4537   0.10      -0.55    114 
120.2775   23.2659   -0.18     -0.57    75  
120.3302   23.1461   0.35      -0.73    97  
120.6363   23.6126   0.14      -1.25    117 
120.5822   23.5550   0.28      -1.01    -41 
120.5825   23.4654   0.20      -0.80    112 
120.4987   23.4487   -0.02     -0.77    106 
120.4800   23.3614   0.39      -0.78    106 
120.5200   23.3059   0.01      -1.04    122 
120.4408   23.2538   -0.48     -1.03    126 
120.4638   23.1728   0.45      -0.85    96  
120.7955   23.6313   0.14      -0.17    79  
120.8056   23.3790   0.14      -0.19    -40 
120.6646   23.3706   0.25      -0.47    104 
120.6198   23.2537   0.72      -0.33    102 
120.5562   23.1442   0.77      -1.24    84  
120.7515   23.2272   0.81      -0.29    108 
