120.4	24.2	0
120.404520842	24.1982068119	0.5
120.409041558	24.1964134903	1
120.413562146	24.1946200355	1.5
120.418082607	24.1928264473	2
120.42260294	24.1910327258	2.5
120.427123147	24.189238871	3
120.431643226	24.1874448829	3.5
120.436163179	24.1856507615	4
120.440683004	24.1838565069	4.5
120.445202702	24.182062119	5
120.449722273	24.1802675979	5.5
120.454241717	24.1784729436	6
120.458761034	24.1766781561	6.5
120.463280223	24.1748832354	7
120.467799286	24.1730881815	7.5
120.472318221	24.1712929945	8
120.476837029	24.1694976743	8.5
120.48135571	24.167702221	9
120.485874265	24.1659066346	9.5
120.490392692	24.1641109152	10
120.494910992	24.1623150626	10.5
120.499429164	24.160519077	11
120.50394721	24.1587229583	11.5
120.508465129	24.1569267066	12
120.512982921	24.1551303218	12.5
120.517500585	24.1533338041	13
120.522018123	24.1515371534	13.5
120.526535534	24.1497403697	14
120.531052817	24.147943453	14.5
120.535569974	24.1461464034	15
120.540087003	24.1443492208	15.5
120.544603905	24.1425519054	16
120.549120681	24.140754457	16.5
120.553637329	24.1389568758	17
120.558153851	24.1371591617	17.5
120.562670245	24.1353613147	18
120.567186512	24.1335633349	18.5
120.571702653	24.1317652223	19
120.576218666	24.1299669768	19.5
120.580734553	24.1281685986	20
120.585250312	24.1263700876	20.5
120.589765945	24.1245714438	21
120.59428145	24.1227726672	21.5
120.598796829	24.120973758	22
120.60331208	24.119174716	22.5
120.607827205	24.1173755413	23
120.612342203	24.1155762339	23.5
120.616857073	24.1137767938	24
120.621371817	24.1119772211	24.5
120.625886434	24.1101775157	25
120.630400924	24.1083776777	25.5
120.634915287	24.1065777071	26
120.639429523	24.1047776038	26.5
120.643943632	24.102977368	27
120.648457614	24.1011769996	27.5
120.65297147	24.0993764987	28
120.657485198	24.0975758652	28.5
120.6619988	24.0957750991	29
120.666512274	24.0939742006	29.5
120.671025622	24.0921731696	30
120.675538843	24.0903720061	30.5
120.680051937	24.0885707101	31
120.684564904	24.0867692817	31.5
120.689077744	24.0849677208	32
120.693590458	24.0831660275	32.5
120.698103044	24.0813642018	33
120.702615504	24.0795622437	33.5
120.707127837	24.0777601532	34
120.711640043	24.0759579304	34.5
120.716152122	24.0741555752	35
120.720664074	24.0723530877	35.5
120.7251759	24.0705504678	36
120.729687599	24.0687477157	36.5
120.73419917	24.0669448312	37
120.738710615	24.0651418145	37.5
120.743221934	24.0633386655	38
120.747733125	24.0615353843	38.5
120.75224419	24.0597319709	39
120.756755128	24.0579284252	39.5
120.761265939	24.0561247474	40
120.765776623	24.0543209373	40.5
120.770287181	24.0525169951	41
120.774797611	24.0507129207	41.5
120.779307915	24.0489087142	42
120.783818093	24.0471043756	42.5
120.788328143	24.0452999048	43
120.792838067	24.043495302	43.5
120.797347864	24.0416905671	44
120.801857534	24.0398857001	44.5
120.806367077	24.038080701	45
120.810876494	24.03627557	45.5
120.815385784	24.0344703069	46
120.819894947	24.0326649118	46.5
120.824403984	24.0308593847	47
120.828912894	24.0290537256	47.5
120.833421677	24.0272479345	48
120.837930334	24.0254420116	48.5
120.842438863	24.0236359567	49
120.846947266	24.0218297698	49.5
120.851455543	24.0200234511	50
120.855963692	24.0182170005	50.5
120.860471715	24.016410418	51
120.864979612	24.0146037036	51.5
120.869487382	24.0127968574	52
120.873995025	24.0109898794	52.5
120.878502541	24.0091827696	53
120.883009931	24.007375528	53.5
120.887517194	24.0055681545	54
120.89202433	24.0037606494	54.5
120.89653134	24.0019530124	55
120.901038223	24.0001452437	55.5
120.90554498	23.9983373434	56
120.91005161	23.9965293112	56.5
120.914558113	23.9947211474	57
120.91906449	23.992912852	57.5
120.92357074	23.9911044248	58
120.928076863	23.989295866	58.5
120.93258286	23.9874871756	59
120.93708873	23.9856783536	59.5
120.941594474	23.9838693999	60
120.946100091	23.9820603147	60.5
120.950605582	23.9802510979	61
120.955110946	23.9784417495	61.5
120.959616183	23.9766322696	62
120.964121294	23.9748226581	62.5
120.968626278	23.9730129152	63
120.973131136	23.9712030407	63.5
120.977635867	23.9693930348	64
120.982140472	23.9675828973	64.5
120.98664495	23.9657726285	65
120.991149302	23.9639622281	65.5
120.995653527	23.9621516964	66
121.000157626	23.9603410333	66.5
121.004661598	23.9585302387	67
121.009165443	23.9567193128	67.5
121.013669162	23.9549082555	68
121.018172755	23.9530970668	68.5
121.022676221	23.9512857468	69
121.02717956	23.9494742955	69.5
121.031682774	23.9476627129	70
121.03618586	23.945850999	70.5
121.04068882	23.9440391538	71
121.045191654	23.9422271774	71.5
121.049694361	23.9404150697	72
121.054196942	23.9386028308	72.5
121.058699396	23.9367904607	73
121.063201724	23.9349779593	73.5
121.067703926	23.9331653268	74
121.072206001	23.9313525631	74.5
121.076707949	23.9295396682	75
121.081209771	23.9277266422	75.5
121.085711467	23.9259134851	76
121.090213036	23.9241001968	76.5
121.094714479	23.9222867775	77
121.099215796	23.9204732271	77.5
121.103716986	23.9186595456	78
121.108218049	23.916845733	78.5
121.112718987	23.9150317894	79
121.117219798	23.9132177148	79.5
121.121720482	23.9114035092	80
121.12622104	23.9095891726	80.5
121.130721472	23.907774705	81
121.135221778	23.9059601064	81.5
121.139721957	23.9041453769	82
121.144222009	23.9023305165	82.5
121.148721936	23.9005155251	83
121.15	23.9	83.1420120296
