120.75  24.30   3.0   67   80  180    6.2    120.15   24.30	1935/04/3.0
121.00  24.65   9.0  200   50   90    6.2    120.90   25.25	1935/04/9.0
120.90  24.70   2.0  203   10   90    5.5    120.45   25.00	1935/04/2.0
120.70  24.60  30.0  165   60    0    6.8    120.45   24.60 1935/07/30.0
120.53  23.58  15.0   75   90 -150    7.1    119.90   23.58	1906/03/15.0
120.33  23.07   2.0   75   90 -151    6.1    120.00   22.30	1946/12/2.0
120.45  23.40  15.0    5   50   80    7.1    119.45   23.00	1941/12/15.0
121.72  23.92   9.0   30   77   31    7.2    122.00   23.85	1951/10/9.0
121.70  24.10  30.0   30   77   65    6.9    122.00   24.25	1951/10/30.0
121.22  23.12  16.0   32   70   70    6.8    121.50   22.75	1951/11/16.0
121.35  23.27  36.0   25   70   39    7.1    122.00   23.27	1951/11/36.0
120.78  23.84  7.8    18.  19   80    7.5    119.65   24.15 1999/09/7.6 