120.75  	24.30   3.0		67   	80  	180    	6.2    	120.15  	24.50	1935/04/20
121.00  	24.65   9.0		200   	50   	90    	6.2    	120.90   	25.25	1935/04/20
120.90  	24.70   2.0		203   	10   	90    	5.5    	120.45   	25.00	1935/04/20
120.70  	24.60  	30.0	165   	60    	0    	6.8    	120.45   	24.60	1935/07/17
120.53  	23.58  	15.0	75   	90 		-150    7.1    	119.90   	23.78	1906/03/17
120.33  	23.07   2.0		75   	90 		-151    6.1    	120.00   	22.30	1946/12/04
120.45  	23.40  	15.0	5   	50   	80    	7.1    	119.45   	23.00	1941/12/17
121.72  	23.92   9.0		30   	77   	31    	7.2    	122.00   	23.85	1951/10/21
121.70  	24.10  	30.0	30   	77   	65    	6.9    	122.00   	24.25	1951/10/22
121.22  	23.12  	16.0	32   	70   	70    	6.8    	121.78   	22.65	1951/11/24
121.35  	23.27  	36.0	25   	70   	39    	7.1    	122.33      22.80	1951/11/24 
120.78  	23.84  	7.8		18		19   	80    	7.5	   	119.65   	24.15	1999/09/21
120.66		23.50  	2.8		339.58	32		35.57	6.2		119.80   	22.55	1998/07/17
120.42		23.51  	16.59 	218.92	28.63	128.67	6.4 	119.880		23.37	1999/10/22
122.1915	24.1398	13.81	97.07	44.42	85.27	6.8		122.3		24.6	2002/03/31
121.8718	24.651	8.52	19.82	49.15	167.34	6.2		122.3		24.99	2002/05/15
121.3982	23.0667	17.73	8.82	42.16	72.8	6.6		121.73		22.93	2003/12/10
121.0807	22.8835	7.2		186.41	69.87	16.95	6.2		121.28		22.50	2006/04/01
120.56		21.89	44.3	118.64	50.07	-128.06	6.96	120.56		21.6	2006/12/26
120.387		21.9463	21.2	144		25.53	-11.7	6.99	120.1		21.6	2006/12/26 
120.73		23		5		318.05	41.39	67.64	6.4		121.15		22.10	2010/03/04 