120.75  24.30   3.0   67   80  180    6.2    120.15   24.30	1935/04/20
121.00  24.65   9.0  200   50   90    6.2    120.90   25.25	1935/04/20
120.90  24.70   2.0  203   10   90    5.5    120.45   25.00	1935/04/20
120.70  24.60  30.0  165   60    0    6.8    120.45   24.60 1935/07/17
120.53  23.58  15.0   75   90 -150    7.1    119.90   23.58	1906/03/17
120.33  23.07   2.0   75   90 -151    6.1    119.70   22.20	1946/12/04
120.45  23.40  15.0    5   50   80    7.1    119.45   22.90	1941/12/17
121.72  23.92   9.0   30   77   31    7.2    122.00   23.85	1951/10/21
121.70  24.10  30.0   30   77   65    6.9    122.00   24.25	1951/10/22
121.22  23.12  16.0   32   70   70    6.8    121.99   22.3	1951/11/24
121.35  23.27  36.0   25   70   39    7.1    122.10   23.2	1951/11/24
120.78  23.84  7.8    18.  19   80    7.5    119.65   24.15 1999/09/21