121.75 23.83  40.70 239    26    143    6.1 122.33 23.50  2010/11/21
120.75 22.75  26.31 285    40     18    6.4 121.00 21.60  2012/02/26 
122.39 24.47  61.90  56    43    123    6.6 122.55 24.66  2012/06/10
121.06 23.89  17.99 317    19     31    6.2 119.60 24.66  2013/03/27          
121.36 23.56  15.29  86.68 47.76 136.57 6.4 122.10 23.10  2013/10/31                         
122.17 25.70 255.25 260.93 15.33 -87.02 6.7 122.17 25.70  2014/12/11         
121.46 22.66  18.42 222.65 54.45 143.04 6.3 121.80 22.25  2015/02/14
121.76 23.70  26.34 345.43 32.45  42.16 6.2 121.86 23.40  2015/03/23
122.44 24.02  30.57 304.60 41.34 120.71 6.4 122.32 23.82  2015/04/20
122.41 24.12  19.35 320.27 37.90 164.62 6.2 122.60 24.30  2015/04/20
120.54 22.92  14.64 274.81 41.74  17.02 6.6 120.48 22.20  2016/02/06
121.85 21.43  95.98 196.76 48.88   5.84 6   121.88 21.66  2017/04/30
121.69 24.14  10.00 215.68 56.36  25.57 6.2 121.49 24.24  2018/02/06
122.62 24.00  31.19 279.79 29.48 120.70 6.1 122.62 23.75  2018/10/23
121.56 24.05  20.33  63.58 25.46 121.75 6.3 121.36 23.85  2019/04/18