>
120.583210 23.654705
120.583291 23.653212
120.583302 23.652279
120.582862 23.650995
120.582410 23.650149
120.582023 23.649407
120.578008 23.641697
120.577099 23.639190
120.575799 23.634318
120.575380 23.632101
120.575261 23.629401
120.575183 23.627365
120.575061 23.625721
120.575110 23.623608
120.574649 23.621689
120.574229 23.620161
120.573512 23.618476
120.571780 23.615575
120.570473 23.612563
120.570208 23.611889
120.569988 23.611233
120.569636 23.610209
120.569417 23.609144
120.569332 23.608038
120.569397 23.607264
120.569401 23.606105
120.569329 23.605367
120.569184 23.604673
120.568988 23.604218
120.568423 23.603557
120.567968 23.603079
120.567440 23.602383
120.566955 23.601440
120.566381 23.600252
120.566072 23.599596
120.565676 23.598530
>
120.565677 23.598326
120.565504 23.596851
120.565197 23.595499
120.564866 23.594729
120.564845 23.594680
120.564624 23.594106
120.563954 23.593167
120.563331 23.592021
120.563473 23.591293
120.564147 23.589885
120.564476 23.587700
120.564788 23.585854
120.565014 23.584931
120.564974 23.584264
120.564741 23.583314
120.564453 23.582838
120.564243 23.582466
120.563896 23.582183
120.562951 23.581911
120.561646 23.580957
120.561093 23.579798
120.560442 23.576758
120.560029 23.573274
120.558533 23.568844
120.556964 23.562813
120.557213 23.554318
120.556044 23.542210
120.553636 23.529565
120.553593 23.529337
120.553372 23.528020
120.553042 23.526919
120.552787 23.526303
120.552026 23.524866
120.551803 23.524263
120.551468 23.523563
120.548493 23.515396
>
120.388636 23.075848
120.389360 23.075113
120.390146 23.074367
120.390870 23.073632
120.391631 23.072843
120.392424 23.072062
120.393227 23.071284
120.394020 23.070503
120.394780 23.069714
120.395677 23.069048
120.396594 23.068246
120.397512 23.067444
120.398408 23.066778
120.399304 23.066182
120.400189 23.065574
120.401085 23.064977
120.402158 23.064394
120.403148 23.063821
120.404137 23.063247
120.405210 23.062664
120.406156 23.062046
120.407051 23.061351
120.407945 23.060656
120.408892 23.060038
120.409115 23.059867
120.409338 23.059695
120.409561 23.059524
>
121.527092 23.597156
121.526189 23.596661
121.525326 23.596204
121.524509 23.595998
121.523375 23.595626
121.522557 23.595128
121.521648 23.594295
121.520736 23.592962
121.519506 23.591296
121.518730 23.589878
121.517909 23.588503
121.517795 23.588370
>
121.517795 23.588370
121.516926 23.587408
121.515998 23.586629
121.515090 23.586090
121.513863 23.585300
121.513067 23.584530
121.512476 23.584156
121.511794 23.583574
121.511158 23.583033
121.510612 23.582366
121.510110 23.581658
121.509699 23.580657
121.509469 23.579906
121.509170 23.578800
121.508851 23.578175
121.508530 23.577340
121.508392 23.576798
121.508254 23.576088
121.508160 23.575295
121.507703 23.574294
121.507201 23.573460
121.506792 23.572961
121.506018 23.572002
121.505563 23.571670
121.504837 23.571422
121.503794 23.571216
121.502525 23.571053
121.501210 23.570849
121.500212 23.570601
121.499668 23.570352
121.498715 23.570021
121.497989 23.569731
121.497353 23.569232
121.496558 23.568754
121.495922 23.568422
121.495332 23.568090
121.494878 23.567924
121.494333 23.567550
121.493924 23.567050
121.493649 23.566383
121.493284 23.565716
121.492965 23.565299
121.492465 23.564841
121.491602 23.564301
121.490421 23.563344
121.489921 23.562845
121.489420 23.562261
121.488830 23.561846
121.487967 23.561389
121.486923 23.560975
121.486016 23.560685
121.485245 23.560353
121.484383 23.560022
121.483657 23.559690
121.482793 23.558983
121.482383 23.558316
121.481996 23.557837
121.481632 23.557337
121.481268 23.557087
121.480678 23.556629
121.480269 23.556338
121.479769 23.555922
121.479223 23.555339
121.478858 23.554672
121.478630 23.554046
121.478583 23.553587
121.478354 23.553045
121.477898 23.552211
121.477124 23.551044
121.476440 23.550002
121.475802 23.548959
121.475005 23.547605
121.474594 23.546896
121.474320 23.546228
121.473954 23.545269
121.473679 23.544393
121.473450 23.543474
121.473266 23.542807
121.472810 23.542098
121.472082 23.541098
121.471536 23.540431
121.470535 23.539307
121.469581 23.538307
121.468762 23.537391
121.468079 23.536307
121.467555 23.535619
121.467145 23.534952
121.466781 23.534327
121.465872 23.533578
121.465190 23.532912
121.464190 23.531870
121.463326 23.530829
121.462416 23.529787
121.462097 23.529245
121.461778 23.528829
121.461413 23.528078
121.461184 23.527160
121.461159 23.526680
121.461110 23.525594
121.461195 23.523881
121.461326 23.522419
121.461277 23.521333
121.461319 23.520539
121.461497 23.519662
121.461767 23.519076
121.461856 23.518742
121.461899 23.517990
121.461825 23.516215
121.461686 23.515213
121.461499 23.513752
121.461405 23.512791
121.461357 23.511915
121.461263 23.510954
121.461351 23.510077
121.461484 23.509241
121.461932 23.507945
121.462156 23.507109
121.462559 23.505980
121.462648 23.505353
121.462735 23.504392
121.462686 23.503265
121.462454 23.501846
121.462223 23.500510
121.461994 23.499759
121.461583 23.498716
121.460944 23.497465
121.459943 23.495964
121.459125 23.495256
121.458082 23.494675
121.457750 23.494562
>
121.442310 23.491930
121.442064 23.491860
121.440974 23.490944
121.439792 23.489486
121.438427 23.487610
121.437880 23.486567
121.437332 23.485107
121.436696 23.484357
121.435605 23.483191
121.435173 23.482544
121.434400 23.481628
121.433855 23.480961
121.433173 23.480295
121.432309 23.479002
121.431263 23.477627
121.430263 23.476418
121.429218 23.475502
121.428130 23.474921
121.427517 23.474484
121.426564 23.473818
121.425475 23.473028
121.424884 23.472403
121.424294 23.471819
121.423703 23.471069
121.423203 23.470528
121.422522 23.469903
121.421569 23.469154
121.420525 23.468447
121.419572 23.467906
121.418983 23.467574
121.418392 23.467032
121.417756 23.466324
121.417663 23.466195
121.416506 23.465139
121.415448 23.464569
121.415360 23.464538
