>
120.924781 24.529843
120.926480 24.533527
120.928293 24.537834
120.929539 24.540533
120.930658 24.543116
120.931453 24.544301
120.932603 24.546278
120.934072 24.548992
120.935435 24.551655
120.936320 24.553236
120.937926 24.555686
120.939399 24.558385
120.941327 24.561447
120.943660 24.565648
120.945635 24.568141
120.947563 24.570477
120.949774 24.573538
120.951079 24.575303
120.951960 24.576631
120.953630 24.578624
120.955051 24.580739
120.955937 24.582479
120.957089 24.584177
120.958053 24.585837
120.960038 24.588639
120.961626 24.591545
120.962656 24.592753
120.964462 24.595281
120.967339 24.599232
120.968943 24.601975
120.970986 24.604466
120.972120 24.606697
120.973368 24.608980
120.975743 24.612431
120.977113 24.614792
120.979155 24.617490
>
120.425529 23.552598
120.426772 23.552717
120.427993 23.552844
120.429196 23.552978
120.430387 23.553116
120.431571 23.553257
120.432752 23.553398
120.433935 23.553539
120.435127 23.553677
120.436330 23.553811
120.437551 23.553938
120.438794 23.554057
120.439849 23.554113
120.440994 23.554205
120.442216 23.554327
120.443501 23.554474
120.444834 23.554641
120.446202 23.554821
120.447592 23.555010
120.448989 23.555202
120.450217 23.555370
120.451431 23.555547
120.452636 23.555730
120.453838 23.555914
120.455043 23.556096
120.456256 23.556273
120.457485 23.556441
120.458668 23.556617
120.459843 23.556732
120.461022 23.556809
120.462220 23.556868
120.463448 23.556931
120.464721 23.557021
120.466145 23.557175
120.467599 23.557358
120.469053 23.557541
120.470477 23.557695
>
120.461815 23.556910
120.462726 23.557725
120.463637 23.558523
120.464547 23.559313
120.465458 23.560102
120.466369 23.560901
120.467280 23.561715
120.468330 23.562665
120.469369 23.563492
120.470396 23.564195
120.471411 23.564775
120.472415 23.565232
120.473407 23.565566
120.474804 23.565999
120.476201 23.566432
120.477597 23.566865
120.478994 23.567298
120.480302 23.567826
120.481570 23.568355
120.482825 23.568883
120.484093 23.569411
120.485401 23.569939
120.486572 23.570313
120.487773 23.570686
120.488989 23.571060
120.490206 23.571433
120.491407 23.571807
120.492577 23.572180
120.493837 23.572688
120.495097 23.573196
120.496356 23.573704
120.497616 23.574212
120.498856 23.574717
120.500080 23.575194
120.501285 23.575635
120.502466 23.576031
120.503618 23.576373
120.504737 23.576653
120.505946 23.577080
120.507142 23.577483
120.508328 23.577866
120.509504 23.578233
120.510674 23.578586
120.511838 23.578930
120.513000 23.579269
120.514160 23.579606
120.515497 23.579973
120.516834 23.580340
120.518171 23.580706
120.519508 23.581073
120.520845 23.581440
120.521503 23.581644
120.522160 23.581848
120.522818 23.582051
120.524023 23.582379
120.525229 23.582708
120.526435 23.583036
120.527640 23.583365
120.528846 23.583693
120.530051 23.584021
120.531257 23.584350
120.532463 23.584678
120.533668 23.585006
120.534842 23.585337
120.536003 23.585654
120.537155 23.585959
120.538302 23.586259
120.539447 23.586557
120.540594 23.586856
120.541746 23.587162
120.542907 23.587478
120.544081 23.587809
120.545222 23.588093
120.546372 23.588387
120.547529 23.588689
120.548691 23.588997
120.549855 23.589309
120.551021 23.589621
120.552186 23.589933
120.553348 23.590240
120.554505 23.590543
120.555328 23.590753
>
120.607235 23.524606
120.606025 23.522432
120.605559 23.521093
120.605287 23.520007
120.604940 23.518052
120.604356 23.516459
120.604609 23.513816
120.604613 23.512261
120.604528 23.511394
120.604261 23.510188
120.604064 23.509295
120.603738 23.508587
120.603105 23.507217
120.602391 23.505619
120.601975 23.504688
120.601756 23.502680
120.601891 23.500105
120.601872 23.498627
120.601382 23.497426
120.600993 23.496019
120.600848 23.495111
120.600614 23.492717
120.600510 23.490896
120.600380 23.488670
120.600439 23.487026
120.600361 23.485660
120.600451 23.483282
120.600183 23.481283
120.600025 23.478855
120.599973 23.478096
120.599948 23.477135
120.599897 23.475819
120.599573 23.474225
120.599342 23.473203
120.599141 23.472049
120.598732 23.471238
120.598269 23.470352
120.597900 23.469479
120.597670 23.468934
120.597234 23.467904
120.596763 23.466650
120.596702 23.465457
120.597181 23.463903
120.597940 23.461715
120.598781 23.459360
120.599755 23.457039
120.600274 23.455521
120.601174 23.453298
120.602122 23.450592
120.602757 23.448679
120.603672 23.446747
120.603988 23.446188
120.605180 23.445191
120.605823 23.444419
120.606490 23.443464
120.606889 23.442669
120.606983 23.442143
120.607009 23.441530
120.606976 23.440799
120.606838 23.439885
120.606713 23.439325
120.606534 23.438850
120.606417 23.438542
120.606162 23.438068
120.605855 23.437498
>
120.605620 23.437222
120.605855 23.437498
>
120.515477 23.319177
120.515577 23.320374
120.515572 23.321740
120.515503 23.322967
120.515434 23.324313
120.515427 23.326194
120.515379 23.327679
120.515398 23.328491
120.515524 23.329105
120.515757 23.329798
120.516056 23.330354
120.516653 23.331048
120.517529 23.331942
120.519003 23.333313
120.519837 23.334067
120.520627 23.334842
120.521461 23.335537
120.522283 23.336206
120.523302 23.337427
120.524275 23.338668
120.525181 23.339679
120.526018 23.340794
120.526348 23.341349
120.526606 23.341783
120.527284 23.342898
120.527781 23.343991
120.528277 23.345001
120.528955 23.346220
120.529950 23.347735
120.530426 23.348199
120.532418 23.350976
120.534324 23.352158
120.537138 23.353678
120.539501 23.354273
120.542662 23.355822
120.543253 23.355946
120.545476 23.356542
120.546539 23.356795
120.547794 23.357210
120.548703 23.357498
120.550575 23.358521
120.551947 23.359204
120.553954 23.360406
120.555865 23.361787
120.557948 23.363614
120.559143 23.364957
120.560509 23.367015
120.561298 23.368231
120.562279 23.369948
120.562760 23.370968
120.563450 23.372791
120.563699 23.373303
120.564209 23.374688
120.565374 23.376550
120.566306 23.377806
120.567054 23.378413
120.568034 23.379410
120.568249 23.379839
120.569011 23.381358
120.570083 23.383047
120.571855 23.385170
120.573580 23.387552
120.574444 23.388478
120.575680 23.389805
120.577593 23.392102
120.578945 23.394267
120.580202 23.396647
120.580992 23.398335
120.582298 23.400068
120.583138 23.401237
120.584023 23.402753
120.584580 23.404354
120.585137 23.405911
120.585882 23.407469
120.587047 23.409245
120.587513 23.410111
120.587696 23.411408
120.587786 23.412791
120.588016 23.414089
120.588482 23.414911
120.589322 23.415778
120.590114 23.417250
120.590906 23.418419
120.591885 23.420194
120.592818 23.421320
120.593517 23.422446
120.594263 23.423831
120.594913 23.425735
120.595283 23.427119
120.595654 23.428244
120.595934 23.428807
120.596634 23.429587
120.597896 23.430670
120.598409 23.431407
120.598827 23.432445
120.599713 23.433787
120.600929 23.434612
120.602754 23.435395
120.604250 23.436176
120.604696 23.436543
120.605855 23.437498
>
120.351238 23.063318
120.343799 23.062126
120.338118 23.059488
120.334010 23.057608
>
120.334010 23.057608
120.333237 23.057254
120.331271 23.056308
120.329520 23.056160
120.328500 23.055819
120.327479 23.055678
120.323981 23.054519
120.320775 23.053429
120.319463 23.053218
120.317420 23.053001
120.314649 23.052712
120.309104 23.052465
120.306185 23.052506
120.304654 23.052293
120.302177 23.051408
120.300064 23.050659
>
121.067707 24.789761
121.066526 24.789631
121.062727 24.789236
121.060607 24.788902
121.059404 24.788735
121.058095 24.788616
121.056996 24.788450
121.056551 24.788330
121.056237 24.788283
>
121.012622 24.764326
121.011535 24.763674
121.006619 24.760845
121.003413 24.758015
121.001810 24.757332
120.995825 24.753722
120.991765 24.751477
120.988132 24.748745
120.985675 24.746598
120.983217 24.744548
120.981401 24.742401
120.977662 24.739473
120.973089 24.736711
120.967577 24.733179
120.967432 24.732684
120.964733 24.730695
120.961542 24.728658
120.957465 24.726482
120.956432 24.726208
120.953485 24.724711
120.952455 24.723852
120.945055 24.719832
120.940851 24.717548
120.939464 24.716795
120.936458 24.714444
120.933582 24.712452
>
120.792350 24.404345
120.791869 24.404907
120.790400 24.406711
120.789084 24.407404
120.785189 24.408741
120.780686 24.410077
>
120.765169 24.400615
120.764474 24.399676
120.763947 24.399084
120.763040 24.397793
120.762543 24.396691
120.761167 24.395158
120.759673 24.393839
120.758191 24.392279
120.757544 24.391477
120.756767 24.390338
120.755831 24.388793
120.754896 24.387028
120.754128 24.385461
120.752929 24.382945
120.752745 24.382582
120.751584 24.380296
120.747987 24.374466
120.745514 24.369289
120.744218 24.366822
120.743926 24.366033
>
120.800668 23.880441
120.800503 23.879770
120.800308 23.878732
120.800414 23.877710
120.800501 23.876111
120.800750 23.874859
120.801438 23.873340
120.801502 23.873163
120.801727 23.872158
120.801927 23.871107
120.802487 23.869012
120.803015 23.867676
120.803212 23.866674
120.803146 23.865368
120.803574 23.863455
120.804233 23.860358
120.804958 23.858537
120.804990 23.856897
120.805401 23.853769
120.805796 23.851097
120.805796 23.850125
120.806059 23.849032
120.806042 23.847513
120.806586 23.846056
120.807245 23.845085
120.808301 23.843933
120.808960 23.843083
120.809488 23.841869
120.810164 23.841110
120.811846 23.839229
120.815358 23.836348
120.817849 23.834529
120.819927 23.833256
120.821741 23.831952
120.823555 23.830709
120.825236 23.828069
120.826324 23.826369
120.826768 23.824395
120.826636 23.824334
>
120.826834 23.824335
120.826963 23.820690
120.826961 23.817349
120.826894 23.815709
120.826629 23.813158
120.826297 23.809756
120.826098 23.808662
>
120.826164 23.808662
120.824859 23.805745
120.823390 23.802949
120.821656 23.800396
120.819692 23.797660
120.818240 23.795958
120.814989 23.793281
120.811442 23.791151
120.808852 23.789447
120.806608 23.787713
120.806493 23.787683
120.804134 23.785706
120.802253 23.784063
120.801345 23.782513
120.800437 23.780447
120.799711 23.778229
120.799759 23.775951
120.799577 23.773156
120.799937 23.767751
120.799837 23.764197
120.799753 23.761130
120.800131 23.758154
120.800262 23.755603
120.800393 23.753173
120.800425 23.751624
120.801545 23.748285
>
120.799024 23.887883
120.799607 23.886929
120.800254 23.885497
120.800641 23.884065
120.800703 23.882335
120.800635 23.880605
>
120.788141 23.979214
120.787423 23.977603
120.786575 23.975634
120.786246 23.973367
120.786022 23.971072
120.785820 23.968402
120.785910 23.967281
120.785995 23.965600
120.786083 23.964529
120.786547 23.963013
120.786681 23.961674
120.786742 23.959645
120.787323 23.957379
120.787738 23.955761
120.788098 23.954456
120.787705 23.952666
120.786670 23.950865
120.784923 23.947749
120.783950 23.945177
120.783919 23.942641
120.784284 23.941156
>
120.784306 23.941149
120.785211 23.938585
120.785409 23.937844
120.785598 23.936497
120.785924 23.934663
120.785786 23.932440
120.785451 23.930954
120.785485 23.929619
120.785648 23.928085
120.785875 23.926636
120.786338 23.924807
120.786910 23.923505
120.787588 23.922478
120.787769 23.921891
120.787983 23.920968
120.789073 23.917110
120.789393 23.916255
120.789677 23.914871
120.789479 23.914129
120.789261 23.913113
120.788877 23.909002
120.788209 23.905834
120.787484 23.902063
120.787502 23.900289
120.787676 23.899392
120.788321 23.898503
120.789682 23.897136
120.791098 23.895785
120.793051 23.894221
120.794126 23.893216
120.796109 23.892117
120.796958 23.891586
120.797728 23.890828
120.798210 23.889635
120.798895 23.888181
>
120.929207 24.277082
120.931207 24.278220
120.934580 24.280645
>
120.842259 24.191065
120.840980 24.189958
120.837680 24.187652
120.835633 24.186498
120.833718 24.185647
120.831870 24.184797
120.829756 24.184007
120.828172 24.183399
120.826526 24.182642
120.826323 24.182548
120.823438 24.181003
120.821084 24.179643
120.818731 24.178172
120.816861 24.177034
120.814970 24.175565
120.813453 24.174109
120.812068 24.172289
120.811014 24.170106
120.810592 24.168439
120.810425 24.166590
120.810429 24.163681
120.810367 24.161439
120.810305 24.158651
120.810241 24.157014
120.809979 24.155741
120.809518 24.154650
120.808925 24.153619
120.807870 24.152527
120.806683 24.151495
120.805826 24.150524
120.805166 24.149614
120.805133 24.149557
120.804845 24.146482
120.800289 24.133470
120.798548 24.129897
120.798025 24.126646
120.797917 24.125791
120.797534 24.123300
120.797548 24.122029
120.797287 24.120211
120.797295 24.118841
120.797626 24.117408
120.797455 24.115145
120.797574 24.114787
120.798271 24.111997
120.798478 24.111242
120.799693 24.109547
120.801258 24.107059
120.802520 24.104760
120.803756 24.102650
120.804169 24.101142
120.804536 24.099652
120.804838 24.096984
120.804861 24.095542
120.805091 24.092807
120.805648 24.090950
120.805913 24.088848
120.806327 24.086963
120.806942 24.084418
120.807200 24.083390
120.807221 24.083324
120.807320 24.082287
120.807815 24.081005
120.808006 24.080185
120.808583 24.078913
120.808806 24.077838
120.809017 24.077112
120.808971 24.077009
120.808785 24.074755
120.808450 24.071765
120.808422 24.069795
120.808105 24.069294
120.807460 24.067625
120.807344 24.066521
120.807268 24.065446
120.806692 24.062975
120.806177 24.060683
120.806178 24.059957
120.806129 24.057901
120.805961 24.057317
120.805724 24.050678
120.805729 24.047812
120.806426 24.045210
120.806040 24.042003
120.805989 24.038835
120.805582 24.036194
120.805682 24.034855
120.805777 24.032875
120.805918 24.031141
120.805957 24.029151
>
120.928859 24.276849
120.928116 24.276495
120.926117 24.275369
120.923990 24.274497
120.917012 24.271911
120.914022 24.270454
120.911473 24.269318
120.909793 24.268391
120.908074 24.267481
120.904638 24.266024
120.902119 24.265200
120.897963 24.263596
120.895650 24.262200
120.893932 24.261290
120.892743 24.260441
120.891752 24.259834
120.890167 24.258742
120.888185 24.257165
120.887047 24.256468
120.882579 24.253499
120.881447 24.252069
120.879532 24.250310
120.877451 24.248496
120.876627 24.246611
120.876034 24.245035
120.874877 24.243367
120.873460 24.241214
120.872073 24.239516
120.870922 24.237846
120.868469 24.231736
120.867589 24.229513
120.867535 24.228478
120.866262 24.225546
120.864891 24.223601
120.862708 24.220721
120.860010 24.217434
120.856702 24.214049
120.854042 24.210807
120.851339 24.206116
120.849877 24.203612
120.848316 24.201126
120.845289 24.196581
120.842329 24.190962
>
120.741174 24.319489
120.740011 24.318576
120.737242 24.316475
120.735317 24.315327
120.733243 24.314702
120.730916 24.313961
120.729181 24.313298
120.727848 24.312675
120.725437 24.311370
120.722878 24.309969
120.719538 24.307770
120.717213 24.305942
120.714516 24.304108
120.711432 24.302197
120.708627 24.300700
120.706143 24.299349
120.703895 24.298195
120.702995 24.297722
120.701967 24.297366
120.700618 24.297010
120.698111 24.296504
120.686066 24.293383
120.682462 24.292422
120.679692 24.291777
120.678593 24.291503
120.677588 24.291060
120.676417 24.290321
120.671211 24.287328
120.665411 24.284113
120.662354 24.282309
120.660682 24.281560
120.658246 24.280458
120.655713 24.279663
120.648162 24.277366
120.644197 24.275778
120.640695 24.274350
120.637375 24.273208
120.632884 24.271704
120.627872 24.270198
120.623640 24.269232
120.619473 24.268505
>
120.756140 24.381293
120.755360 24.379607
120.754773 24.378383
>
120.749263 24.367532
120.748033 24.365498
>
120.713671 23.970307
120.713223 23.972555
120.712984 23.974180
120.712657 23.975317
120.712565 23.976942
120.713020 23.978067
120.713193 23.979530
120.713072 23.981047
120.712951 23.982591
120.713124 23.984379
120.713279 23.987426
120.713276 23.988618
120.713242 23.990596
120.713208 23.992736
120.713233 23.995065
120.713289 23.996203
120.713609 23.998181
120.713931 23.999021
120.714606 24.000458
120.714781 24.001488
120.714955 24.002626
120.715011 24.004143
120.715198 24.006514
120.715215 24.006611
120.715431 24.007787
120.715694 24.008926
120.716031 24.009861
120.716677 24.010973
120.717264 24.012138
120.717298 24.012301
120.717527 24.013412
120.717672 24.014604
>
120.699106 23.727057
120.699758 23.725189
120.700351 23.723132
120.700883 23.722076
120.701503 23.721102
120.702182 23.720209
120.702831 23.719317
120.703392 23.718559
120.703637 23.717998
>
120.709401 23.804340
120.709081 23.804409
120.708379 23.804444
120.708068 23.804538
120.707549 23.804645
120.707328 23.804765
120.707107 23.804895
120.706678 23.805181
120.706573 23.805431
120.706560 23.805707
120.706650 23.806005
120.706674 23.806996
120.706594 23.807188
120.706568 23.807283
120.706529 23.807474
120.706528 23.807987
120.706565 23.808657
120.706292 23.809063
120.706418 23.810400
120.706639 23.811046
120.707091 23.811812
120.707285 23.812146
120.707790 23.813068
120.707802 23.813272
120.707802 23.813389
120.707866 23.813534
120.708239 23.813900
120.708526 23.814298
120.708680 23.814955
120.708601 23.815409
120.708614 23.815804
120.708976 23.816497
120.709091 23.816999
120.709130 23.817130
120.709103 23.817333
120.709518 23.817837
120.709763 23.818553
120.710035 23.818985
120.710333 23.819344
120.710393 23.821889
120.710556 23.824085
120.710332 23.825326
120.710072 23.826055
120.709537 23.826903
120.709367 23.827381
120.709364 23.828002
120.709957 23.830750
120.709916 23.831254
120.709473 23.831957
120.709501 23.832526
120.709971 23.833150
120.710411 23.833611
120.710394 23.834268
120.709688 23.834894
120.709522 23.835127
120.709406 23.835289
120.709115 23.835645
120.708997 23.836101
120.708788 23.836267
120.708151 23.836720
120.706061 23.838120
120.705423 23.838489
120.704552 23.839181
120.704304 23.839492
120.704134 23.840184
120.704184 23.840828
120.704273 23.841760
120.704310 23.842489
120.704291 23.843819
120.704173 23.845774
120.704080 23.846539
120.703819 23.847541
120.703675 23.847791
120.703609 23.848091
120.704061 23.849286
120.704147 23.850365
120.704561 23.850761
120.705184 23.851024
120.705339 23.851275
120.705235 23.851503
120.704610 23.851894
120.704376 23.852372
120.704326 23.852905
120.704710 23.854010
120.705351 23.854415
120.705721 23.854610
120.707278 23.855376
120.708550 23.855929
120.708799 23.856234
120.708889 23.856821
120.708849 23.857167
120.708770 23.857823
120.708548 23.858349
120.708274 23.858838
120.707987 23.859147
120.707545 23.859386
120.707180 23.860078
120.707229 23.860071
120.706580 23.860381
120.706371 23.860787
120.706396 23.861110
120.706645 23.861251
120.707794 23.861415
120.708380 23.861654
120.708576 23.861938
120.708627 23.862367
120.708262 23.863227
120.708144 23.864091
120.708167 23.864685
120.707984 23.865258
120.708281 23.866035
120.709046 23.866549
120.709357 23.867075
120.709379 23.867107
>
120.709276 23.806798
120.709533 23.805701
120.709974 23.805354
120.710832 23.804794
120.711497 23.804152
120.711784 23.803626
120.712512 23.802910
120.712955 23.802470
120.713422 23.801860
120.713410 23.801656
120.713412 23.801241
120.713154 23.800308
120.713246 23.799830
120.713429 23.799401
120.713293 23.798683
120.712917 23.798292
120.712573 23.797729
120.712217 23.797006
120.712106 23.796387
120.712092 23.795520
120.712423 23.794857
120.712957 23.794454
120.712895 23.794224
120.712473 23.793559
120.712097 23.793240
120.711549 23.793167
120.710898 23.792981
120.710068 23.792440
120.709354 23.792201
120.708862 23.791939
120.708266 23.791434
120.708139 23.790563
120.708440 23.789416
120.709027 23.787973
120.709419 23.786982
120.709832 23.786335
120.710485 23.785860
120.710551 23.785526
120.710389 23.784677
120.710334 23.783830
120.710466 23.783005
120.710416 23.782169
120.710222 23.781595
120.709939 23.780125
120.709941 23.779493
120.710242 23.778729
120.710685 23.778025
120.711037 23.777260
120.710999 23.776723
120.710766 23.776389
120.710493 23.776113
120.709483 23.775237
120.708681 23.774283
120.707995 23.773361
120.707690 23.772615
120.707582 23.771879
120.707915 23.770378
120.708680 23.768894
120.708837 23.767890
120.708956 23.767450
120.709365 23.766819
120.709503 23.766411
120.709517 23.765898
120.709526 23.764386
120.709740 23.763709
120.710246 23.763109
120.710306 23.762568
120.709891 23.762111
120.709110 23.761493
120.708580 23.761070
120.706663 23.759310
120.704984 23.757659
120.704222 23.756682
120.703342 23.755760
120.702987 23.755181
120.702843 23.754788
120.702844 23.754350
120.703066 23.753802
120.703319 23.752807
120.703115 23.751831
120.703337 23.749759
120.703415 23.749150
120.703354 23.747466
120.703110 23.746797
120.702800 23.746234
120.702567 23.745864
120.702281 23.745563
120.701529 23.745252
120.701042 23.744432
120.700119 23.743396
120.699780 23.742939
120.699047 23.741882
120.697757 23.739902
120.697670 23.739089
120.698025 23.738250
120.698528 23.737465
120.698794 23.736788
120.698796 23.735976
120.698711 23.735224
120.698688 23.734294
120.698613 23.732846
120.698342 23.732094
120.698161 23.731225
120.698162 23.730602
120.698223 23.729599
120.698254 23.728868
120.698373 23.728435
120.698668 23.727948
120.699112 23.727109
120.699230 23.726730
>
120.708224 23.839458
120.708254 23.839278
120.708364 23.838786
120.708589 23.838297
120.708876 23.837891
120.709060 23.837620
>
120.705341 23.850523
120.705171 23.849961
120.705081 23.849663
120.704912 23.849387
>
120.711711 23.854251
120.711464 23.854275
120.711126 23.854275
120.710750 23.854166
120.710568 23.854034
120.710516 23.853867
120.710634 23.853664
120.710686 23.853448
120.710583 23.853174
120.710155 23.852873
>
120.710122 23.866228
120.709681 23.867040
120.709379 23.867107
>
120.709379 23.867107
120.709474 23.867243
>
120.709379 23.867107
120.709356 23.867112
120.709133 23.868222
120.709365 23.868771
120.709661 23.869191
120.709999 23.870339
120.710024 23.870745
120.710656 23.872121
120.711156 23.872745
120.712362 23.873614
120.713451 23.873941
120.714269 23.874062
120.714651 23.874361
120.714912 23.875161
120.715378 23.875748
>
120.715119 23.875378
120.715378 23.875748
>
120.721645 23.878649
120.721542 23.878159
120.720573 23.877352
120.720107 23.876719
120.719897 23.876233
120.719520 23.876077
120.718950 23.876148
120.718377 23.876375
120.718130 23.876613
120.717467 23.876700
120.716826 23.876559
120.715988 23.876178
120.715378 23.875748
>
120.707780 23.932546
120.708058 23.931813
120.708110 23.930479
120.708258 23.929709
120.709197 23.928266
120.709220 23.928009
120.709157 23.927664
120.708378 23.926644
120.707899 23.926106
120.707565 23.925744
120.707022 23.924596
120.706610 23.922659
120.706459 23.922166
120.706421 23.921442
120.706511 23.920792
120.707014 23.919953
120.707074 23.919357
120.707518 23.918572
120.706988 23.918165
120.706311 23.917866
120.705629 23.917347
120.705266 23.916879
120.704739 23.915517
120.704171 23.913760
120.704173 23.913019
120.704080 23.912660
120.704316 23.911981
120.704498 23.911742
120.704593 23.911289
120.704337 23.910900
120.704298 23.909480
120.704507 23.908611
120.704718 23.907036
120.704852 23.905962
120.705527 23.903304
120.706168 23.901262
120.706483 23.899841
120.707072 23.898253
120.707715 23.896996
120.708863 23.894967
120.709665 23.893953
120.710429 23.893024
120.710560 23.892810
120.711566 23.891074
120.712677 23.889500
120.713027 23.888388
120.713244 23.887903
120.713738 23.887511
120.713940 23.886945
120.713796 23.886353
120.713953 23.885936
120.713928 23.885421
120.713669 23.884955
120.713722 23.884549
120.714373 23.883126
120.715763 23.880880
120.716030 23.880041
120.715943 23.879093
120.715591 23.878523
120.714670 23.878492
120.713814 23.878109
120.713334 23.877415
120.713337 23.876544
>
120.707606 23.934850
120.707581 23.934575
120.707407 23.933958
120.707304 23.933577
120.707474 23.933135
120.707780 23.932546
>
120.688393 23.980062
120.688393 23.980062
>
120.688393 23.980062
120.688419 23.980037
120.688682 23.978891
120.688929 23.978844
120.689781 23.978958
120.690373 23.979003
>
120.688220 23.981876
120.688280 23.981165
120.688393 23.980062
>
120.689598 23.983333
120.688907 23.982607
120.688625 23.982254
120.688194 23.981888
120.687856 23.981648
120.687688 23.981433
120.687757 23.981011
120.688133 23.980312
120.688393 23.980062
>
120.693077 23.984751
120.694786 23.989858
>
120.691452 23.985260
120.691456 23.984648
>
120.690133 23.986300
120.690310 23.985854
120.690213 23.985465
120.689986 23.985200
120.689669 23.984891
120.689671 23.983850
120.689620 23.983396
>
120.691068 23.988101
120.691238 23.987720
120.690803 23.986814
120.690930 23.986178
120.691159 23.985921
120.691360 23.985630
120.691452 23.985260
>
120.690573 23.988554
120.690613 23.988398
120.691068 23.988101
>
120.690779 23.989523
120.690806 23.989044
120.690912 23.988446
120.691068 23.988101
>
120.692565 23.991723
120.692517 23.990021
120.692374 23.987133
120.692376 23.986524
120.691452 23.985260
>
120.694730 24.001321
120.694733 24.001350
>
120.694733 24.001350
120.694778 24.001325
120.694691 24.001009
120.694520 24.000738
120.693961 24.000559
120.693432 24.000302
120.693000 24.000209
120.691999 24.000054
120.691417 24.000034
120.691223 23.999907
120.690639 23.999053
120.690300 23.998294
120.690107 23.997422
120.689896 23.996130
120.689695 23.995421
120.689515 23.994863
120.689558 23.994525
120.689715 23.994155
120.689888 23.993842
120.689825 23.993101
120.689826 23.992695
120.689841 23.992026
120.689864 23.991695
120.689929 23.991408
120.689866 23.990941
120.689854 23.990440
120.689820 23.989733
120.689867 23.989108
120.689919 23.988808
120.689797 23.988609
120.689560 23.988301
120.689471 23.987513
120.689238 23.987093
120.689277 23.986795
120.689742 23.986568
120.690342 23.986192
120.690687 23.986055
120.690776 23.985784
120.690871 23.985123
120.691103 23.984512
120.691186 23.983918
120.691043 23.983799
120.690328 23.983833
120.690179 23.983745
120.690131 23.983284
120.690067 23.982867
120.689990 23.982413
120.689875 23.981600
120.689985 23.980498
120.690104 23.979819
120.690640 23.978326
120.691060 23.977902
120.691784 23.976994
120.692006 23.976550
120.692212 23.975959
120.692139 23.975417
120.691812 23.974586
120.691827 23.973762
120.692713 23.973213
120.692804 23.973093
120.692849 23.971800
120.692225 23.970715
120.692018 23.970286
120.691590 23.969556
120.691322 23.968988
120.691388 23.968404
120.690789 23.967500
120.690389 23.966903
120.689998 23.966602
120.689170 23.966440
120.688629 23.965958
120.688369 23.965675
120.688149 23.965384
120.687859 23.964471
120.687081 23.963072
120.686944 23.962316
120.687026 23.960702
120.687324 23.960086
120.687393 23.959436
120.687719 23.959175
120.688237 23.958763
120.688422 23.957856
120.689206 23.956957
120.690326 23.955955
120.691546 23.955761
120.691807 23.955522
120.691807 23.955247
120.692174 23.954956
120.692691 23.954521
120.693077 23.954059
120.693568 23.953704
120.694168 23.952773
120.695119 23.952009
120.695601 23.951570
120.696498 23.950226
120.696803 23.948789
120.697399 23.948436
120.698232 23.948067
120.698791 23.947915
120.699584 23.947903
120.700390 23.947893
120.700844 23.947844
120.701170 23.947547
120.701435 23.946719
120.701619 23.945859
120.701958 23.945501
120.702414 23.944954
120.702504 23.944511
120.702790 23.943717
120.703395 23.943052
120.704005 23.942365
120.704698 23.941771
120.705047 23.941541
120.705402 23.941158
120.705115 23.940629
120.704998 23.940383
120.704856 23.939857
120.704831 23.939331
120.705178 23.938891
120.705223 23.938460
120.704938 23.937958
120.704798 23.936823
120.704798 23.935441
120.704954 23.935238
120.705723 23.934332
120.706534 23.933589
120.707780 23.932546
>
120.694733 24.001350
120.694768 24.001702
120.694881 24.001922
120.695326 24.002266
120.695637 24.002492
>
120.694589 24.006596
120.694501 24.005939
120.693866 24.005042
120.693659 24.004791
120.693582 24.004456
120.693569 24.004206
120.693528 24.003646
120.693545 24.003370
120.693740 24.003310
120.694135 24.002931
120.694165 24.002290
120.694052 24.001796
120.694352 24.001557
120.694733 24.001350
>
120.696631 24.010252
120.696701 24.010733
120.696865 24.011382
120.696990 24.011818
120.696814 24.012264
120.696666 24.013054
120.696784 24.013562
120.697078 24.014077
120.697286 24.014477
120.697700 24.015397
120.698050 24.015960
120.698297 24.015949
120.698499 24.016150
>
120.698067 24.014395
120.698756 24.015056
>
120.698499 24.016150
120.698413 24.016403
120.697486 24.016728
120.697098 24.017057
120.696893 24.017382
120.696703 24.017718
120.696563 24.018094
120.696636 24.018709
120.696625 24.019289
120.696631 24.019724
120.696856 24.020497
120.696934 24.020770
120.697102 24.021213
120.697656 24.021900
120.697812 24.021912
120.697945 24.022172
120.698035 24.022626
120.698069 24.023000
120.697822 24.023120
120.698106 24.023919
120.698482 24.024493
120.698650 24.025175
120.698739 24.025735
120.698984 24.026646
120.699619 24.027577
120.699853 24.027686
120.699901 24.027707
>
120.699048 24.016519
120.698499 24.016150
>
120.699871 24.017604
120.699813 24.017090
120.699596 24.016859
120.699453 24.016739
120.699247 24.016599
120.698908 24.016212
120.698325 24.015339
120.698169 24.015052
120.697832 24.014548
120.697418 24.013821
120.697290 24.013044
120.697267 24.011800
120.697084 24.011396
120.696944 24.010677
120.696839 24.010192
120.696763 24.009932
120.696548 24.009665
120.695763 24.009659
120.695400 24.009480
120.695226 24.009186
120.694851 24.008059
120.694600 24.006659
>
120.698272 24.019870
120.697883 24.019524
120.697536 24.019029
120.697421 24.018466
>
120.697404 24.020031
120.697701 24.020593
120.697856 24.020975
120.697985 24.021704
>
120.699886 24.027485
120.699621 24.026832
120.699499 24.026459
120.699449 24.025635
120.699418 24.025145
>
120.699895 24.027706
120.699901 24.027707
>
120.699901 24.027707
120.700468 24.027777
120.701235 24.027767
>
120.697107 24.031723
120.697419 24.031401
120.697642 24.030851
>
120.695472 24.032670
120.695493 24.033016
120.695541 24.033786
120.695436 24.034347
>
120.697446 24.033433
120.697651 24.032643
120.698108 24.031761
120.698161 24.031258
120.698306 24.030369
120.698381 24.029972
120.698772 24.029693
120.700015 24.029167
120.700555 24.028795
120.701423 24.028303
120.701158 24.027950
120.700467 24.027958
120.699901 24.027707
>
120.696594 24.033955
120.696757 24.033580
120.697104 24.032892
120.697268 24.032112
120.697107 24.031723
>
120.695436 24.034347
120.695736 24.033775
120.695907 24.033165
120.696220 24.032581
120.696630 24.032266
120.697107 24.031723
>
120.695436 24.034347
120.695460 24.035004
120.695524 24.035447
120.696043 24.036211
120.696094 24.036428
120.695930 24.037091
120.696013 24.037574
120.696376 24.038029
120.697259 24.038676
120.697766 24.038986
120.698025 24.039321
120.698173 24.039759
120.699098 24.040470
120.699549 24.040780
120.699717 24.041211
120.699711 24.041482
120.699618 24.041622
120.699351 24.041811
120.699220 24.042095
120.699154 24.042145
120.699056 24.042400
120.698772 24.042559
120.698512 24.042667
120.698151 24.042858
120.698030 24.043172
120.697745 24.043774
120.697391 24.044085
120.696680 24.044402
120.696271 24.044656
120.695524 24.045224
120.694830 24.045617
120.694176 24.046907
120.694168 24.047711
120.694125 24.048781
120.694210 24.049104
120.694525 24.049653
120.694942 24.050164
120.695379 24.050602
120.695963 24.050935
120.696930 24.051477
120.697640 24.051532
120.698854 24.051264
>
120.701699 24.042123
120.701730 24.041825
120.701671 24.041552
>
120.698515 24.043832
120.698686 24.043106
>
120.698796 24.050693
120.698854 24.051264
>
120.702105 24.053444
120.700661 24.052550
120.700570 24.052430
120.700407 24.052305
120.699740 24.052026
120.699179 24.051727
120.698854 24.051264
>
120.705307 24.061351
120.705898 24.060865
120.705761 24.060654
120.704900 24.060599
120.704382 24.060652
120.703776 24.060461
120.703243 24.060216
120.702196 24.060264
120.700859 24.059986
120.700579 24.059884
120.700226 24.059637
120.699516 24.059636
120.699339 24.059364
120.699340 24.058820
120.700233 24.056404
120.700621 24.054775
120.700802 24.053634
>
120.704303 24.061647
120.703973 24.063112
120.703984 24.063899
120.704100 24.064473
120.704268 24.065006
120.704014 24.065206
120.703324 24.065241
120.702595 24.065396
120.701969 24.066324
120.701707 24.066969
120.702446 24.068012
120.702865 24.068708
120.703498 24.069352
120.704536 24.069961
120.705761 24.070086
120.706897 24.070399
120.707942 24.070605
120.708373 24.070626
120.710285 24.070796
120.711201 24.070997
120.713398 24.071646
120.714465 24.072113
>
120.714465 24.072113
120.715589 24.072278
120.716418 24.072442
120.717157 24.072662
>
120.714465 24.072113
120.714885 24.072979
120.715405 24.073517
120.716384 24.074345
120.717255 24.074974
120.718133 24.075328
120.718718 24.075555
120.719224 24.075878
120.719940 24.076058
120.720524 24.076443
120.720926 24.076909
120.721400 24.076989
120.721647 24.077319
120.721771 24.077639
120.721792 24.078432
120.721791 24.078867
120.722028 24.079254
120.722343 24.079428
120.722578 24.079977
120.722583 24.080830
120.722984 24.081845
120.723087 24.082802
120.723658 24.083483
120.724358 24.084680
120.724994 24.085266
120.725722 24.085613
120.726346 24.085842
120.726813 24.086213
120.727854 24.086574
120.728881 24.086695
120.729519 24.086529
120.730301 24.086027
120.730679 24.085658
120.730913 24.085563
120.731875 24.085971
120.732687 24.086731
120.733038 24.086872
120.734527 24.087145
120.736277 24.087121
120.736777 24.087639
120.736912 24.088197
120.736213 24.090148
120.736121 24.090563
120.735674 24.091689
120.735296 24.092858
120.735243 24.093228
120.735463 24.093777
120.736260 24.095184
120.736584 24.095984
120.736506 24.096270
120.735438 24.097411
120.734811 24.098606
120.734748 24.099527
120.735098 24.100801
120.735551 24.101637
120.736292 24.102272
120.736889 24.102978
120.737578 24.103421
120.738917 24.103816
120.739198 24.104115
120.739344 24.104846
120.739164 24.106526
120.739102 24.108124
120.738980 24.109722
120.738844 24.110787
120.738236 24.112393
120.738560 24.113373
120.738972 24.114166
120.739520 24.114565
120.739831 24.115129
120.739906 24.116177
120.739710 24.117375
120.739554 24.118021
120.739418 24.118429
120.739172 24.119598
120.738897 24.120439
120.738127 24.121077
120.737737 24.121749
120.737573 24.122365
120.737529 24.122832
120.737498 24.123153
120.737372 24.124744
120.736913 24.125996
120.735322 24.127422
120.735289 24.128314
120.735376 24.129018
120.735593 24.129360
>
120.720437 24.075630
120.718396 24.074730
>
120.737803 24.098221
120.737453 24.097550
120.737116 24.097012
120.736986 24.096750
>
120.748271 24.123286
120.749245 24.122962
120.750633 24.122613
120.752730 24.122074
>
120.735593 24.129360
120.735612 24.129343
>
120.735593 24.129360
120.735788 24.129669
120.737769 24.130805
120.738178 24.131212
120.738766 24.132064
120.739294 24.132673
120.739728 24.132998
>
120.735593 24.129360
120.734608 24.130242
120.734125 24.130589
120.733824 24.131270
120.733772 24.131604
120.733789 24.132031
120.733998 24.132320
120.734574 24.132513
120.734967 24.132681
120.735188 24.132932
120.735500 24.132982
120.735682 24.133113
120.736183 24.133162
120.737400 24.133189
120.738676 24.133064
120.739728 24.132998
>
120.732108 24.130658
120.732239 24.130143
120.732611 24.129544
120.732931 24.129106
120.733608 24.128507
>
120.731671 24.130664
120.731711 24.130163
120.731830 24.129576
120.732221 24.129064
120.732827 24.128688
120.733613 24.128498
120.734338 24.128213
120.735309 24.127433
>
120.739728 24.132998
120.740031 24.133252
120.740266 24.133821
120.740397 24.134363
120.740402 24.135408
120.740198 24.136390
120.740160 24.136868
120.740110 24.137516
120.740300 24.138464
120.740558 24.139659
120.740867 24.141093
120.741630 24.143367
120.741822 24.144201
120.742195 24.145325
120.742275 24.145443
120.742843 24.146274
120.743067 24.146607
120.743690 24.147551
120.744301 24.148546
120.744303 24.149062
120.742567 24.149940
120.741471 24.150929
120.741040 24.151621
120.740771 24.152472
120.741165 24.153337
120.741679 24.154135
120.742550 24.154971
120.743043 24.155677
120.743342 24.155905
120.743817 24.156213
120.744213 24.156672
120.744316 24.157006
120.744224 24.157412
120.744015 24.157638
120.743787 24.157931
120.743180 24.158557
120.742594 24.158865
120.741161 24.159127
120.740923 24.159420
120.740567 24.160124
120.740152 24.160683
120.739421 24.161111
120.737701 24.161918
120.737132 24.162346
120.736936 24.162680
120.736766 24.163036
120.736609 24.163420
120.736504 24.163778
120.736379 24.164279
120.736380 24.164586
120.736040 24.164872
120.735543 24.165034
120.735365 24.165169
120.734980 24.165949
120.734695 24.166671
120.734394 24.167483
120.734341 24.168045
120.734346 24.168409
120.734501 24.169172
120.734734 24.169658
120.734829 24.170103
120.734771 24.170834
120.734570 24.171513
120.734254 24.172490
120.734090 24.172887
120.733966 24.173277
120.733704 24.174101
120.733560 24.174590
120.733265 24.175084
120.732951 24.175919
120.733093 24.176267
120.733534 24.176983
120.733651 24.177437
120.733683 24.178006
120.733667 24.178290
120.733600 24.179534
120.733561 24.179917
120.733404 24.180324
120.733097 24.180770
120.732170 24.182105
120.731648 24.182557
120.731346 24.183728
120.730953 24.184624
120.730847 24.185579
120.730625 24.186163
120.730519 24.186928
120.730206 24.187334
120.729655 24.188813
120.729848 24.190080
120.729677 24.191035
120.728197 24.192330
120.727693 24.193219
120.727430 24.194234
120.727676 24.195106
120.728097 24.195698
120.728820 24.196146
120.729900 24.196579
120.730694 24.196687
120.731461 24.197178
120.731779 24.197402
120.732000 24.197628
120.732063 24.198161
120.732071 24.198339
120.732265 24.198888
120.732291 24.199044
120.732329 24.199509
120.732107 24.200102
120.731634 24.201528
120.731631 24.202984
120.731915 24.204120
120.731952 24.205659
120.731822 24.207144
120.731774 24.208478
120.731977 24.209763
120.732149 24.210725
120.732590 24.211444
120.733343 24.212447
120.734358 24.213142
120.734903 24.214087
120.734994 24.214279
120.734915 24.214743
120.734615 24.215201
120.734217 24.216038
120.734120 24.216579
120.734201 24.217363
120.734267 24.218422
120.734348 24.219065
120.734429 24.219519
120.734469 24.220124
120.734138 24.220916
120.733723 24.222353
120.733677 24.224355
120.733756 24.226321
120.733917 24.227983
120.734342 24.229546
120.734362 24.230234
120.734386 24.231024
120.734542 24.231359
120.734723 24.231693
120.734931 24.232100
120.734917 24.232375
120.734668 24.232971
120.734498 24.233293
120.734420 24.233555
120.734523 24.233878
120.734416 24.235289
120.734285 24.235848
120.734133 24.236442
120.733976 24.237062
120.733550 24.238393
120.733098 24.239988
120.733043 24.241458
120.733139 24.241808
120.733321 24.242393
120.733539 24.243695
120.733917 24.244357
120.734086 24.244895
120.734160 24.245536
120.734368 24.245895
120.734719 24.246063
120.735449 24.246101
120.736311 24.246280
120.737256 24.246693
120.737920 24.247062
120.738822 24.247759
120.739764 24.248498
120.740597 24.249312
120.741481 24.249984
120.742475 24.250616
120.742989 24.251127
120.743305 24.251495
120.743488 24.252146
120.743709 24.252374
120.744505 24.253208
120.745464 24.254025
120.745542 24.254217
120.745589 24.254470
120.745494 24.254896
120.745431 24.255120
120.745128 24.255839
120.744707 24.257039
120.744654 24.257446
120.744901 24.258060
120.745975 24.259272
120.746599 24.260203
120.747007 24.261093
120.747422 24.261847
120.748375 24.262784
120.749120 24.263577
120.750297 24.264455
120.750702 24.264864
120.751041 24.265452
120.751250 24.265885
120.751419 24.266678
120.751745 24.267471
120.751970 24.268031
120.752211 24.268729
120.752523 24.269122
120.753010 24.269764
120.753234 24.270001
>
120.749112 24.253205
120.748952 24.253672
120.748829 24.254042
120.748670 24.254412
120.748617 24.254716
120.748458 24.255120
>
120.753234 24.270001
120.754629 24.271022
120.755337 24.271675
120.756131 24.273247
120.756335 24.273428
120.756619 24.273664
120.756932 24.273847
120.757359 24.274161
120.757899 24.274921
120.758184 24.275208
120.758611 24.275601
120.759009 24.276071
120.759214 24.276460
120.759435 24.276779
120.759891 24.277118
120.760171 24.277173
120.760574 24.277250
120.762174 24.277607
120.763073 24.277572
120.763777 24.277609
120.764963 24.277805
120.765704 24.278068
120.766304 24.278293
120.767176 24.278714
120.767913 24.278778
120.771098 24.278598
120.771607 24.278612
120.771817 24.278710
120.772004 24.278798
120.772670 24.279002
120.773496 24.279599
>
120.753234 24.270001
120.753873 24.271287
120.754599 24.272423
120.755071 24.273183
120.755543 24.274104
120.755674 24.274249
120.756239 24.274588
120.757194 24.275245
120.757838 24.275735
120.758067 24.275957
120.758202 24.276226
120.758013 24.276557
120.758039 24.276858
120.758339 24.277720
120.758663 24.278134
120.758948 24.278344
120.759381 24.278555
120.759716 24.279023
120.760111 24.279764
120.760436 24.280123
120.761481 24.280669
120.761767 24.280800
120.762301 24.281027
120.762787 24.281186
120.763483 24.281419
120.763720 24.281675
120.764161 24.282055
120.764419 24.282518
120.764656 24.282771
120.765172 24.283295
120.765477 24.284032
120.765592 24.284330
120.765786 24.284987
120.766226 24.285150
120.766581 24.285072
120.766959 24.284725
120.767170 24.283969
120.767356 24.283628
120.767888 24.282805
120.768344 24.282698
120.768827 24.282615
120.769074 24.282579
120.769387 24.282496
120.769687 24.282413
120.770095 24.282450
120.770677 24.282606
120.771432 24.282869
>
120.795950 24.272390
120.796393 24.272426
120.798882 24.272179
120.800559 24.272436
120.801409 24.272814
120.802255 24.273342
120.803375 24.274072
120.804637 24.275196
120.805179 24.275386
120.806364 24.275746
120.807437 24.275940
120.808323 24.276133
120.809562 24.276484
120.810897 24.276933
120.812130 24.277471
120.813201 24.278084
120.814151 24.278587
120.815333 24.279320
120.817060 24.280432
>
120.788577 24.273851
120.789788 24.273880
120.791206 24.273936
120.792654 24.273965
120.793866 24.273940
120.794841 24.274077
>
120.772925 24.280569
120.774988 24.280721
>
120.815511 24.283448
120.817078 24.283396
120.818939 24.283398
120.820446 24.283563
120.821746 24.283754
120.822839 24.283972
120.824257 24.284407
>
120.812996 24.285964
120.810810 24.285555
120.810130 24.285500
120.808860 24.285038
120.808233 24.284900
120.808121 24.284875
120.805905 24.285007
120.805034 24.284821
120.804557 24.284764
120.802227 24.284301
120.800795 24.283565
120.799732 24.283022
120.799022 24.282464
120.798217 24.281955
120.796370 24.279778
120.795590 24.278906
120.795043 24.278533
120.794567 24.278478
120.793642 24.278499
120.790547 24.278813
120.789520 24.278884
120.786626 24.278248
120.785645 24.277956
120.784309 24.277834
120.783065 24.277866
120.781903 24.277485
120.780451 24.277316
120.780094 24.277286
120.779396 24.277028
120.778627 24.276837
120.777793 24.276775
120.776803 24.276798
120.774705 24.276770
120.774093 24.276697
120.773795 24.276629
120.773520 24.276509
120.772721 24.276700
>
120.830608 24.286689
120.832764 24.287640
120.834979 24.288834
120.836147 24.289542
120.837383 24.291130
120.838423 24.293318
120.838793 24.295179
120.839044 24.295913
120.839402 24.296234
120.839845 24.296532
120.840672 24.297075
120.841410 24.297807
120.842710 24.298621
120.843182 24.298757
120.843655 24.299109
120.844009 24.299597
120.844510 24.300790
120.844743 24.303607
120.844683 24.304555
120.844504 24.305611
>
120.803124 24.287144
120.801380 24.287060
120.800051 24.286815
120.798721 24.286705
120.798308 24.286596
120.796537 24.285076
120.795415 24.284506
120.794738 24.284257
120.794328 24.284308
120.793612 24.284395
120.792637 24.284502
120.792194 24.284393
120.791486 24.283851
120.790806 24.283660
120.790156 24.283768
120.789505 24.284038
120.788293 24.284551
120.787140 24.284982
120.786282 24.285279
120.785602 24.285522
120.784804 24.285710
120.783858 24.285953
120.783178 24.286114
120.782670 24.286166
120.782200 24.286210
120.781818 24.286248
120.780902 24.286111
120.779751 24.285541
>
120.782045 24.287350
120.781208 24.287500
120.780249 24.287763
120.779005 24.287867
120.777764 24.287982
120.776643 24.288191
120.775135 24.288541
120.774130 24.288837
120.773510 24.288755
120.773008 24.288537
120.772671 24.288420
120.772097 24.288538
120.771354 24.288693
120.769787 24.288478
120.768783 24.287935
120.768635 24.287664
120.768696 24.286824
120.768669 24.285524
120.768789 24.284495
120.768926 24.283852
120.768829 24.283380
120.768739 24.283046
>
120.899558 24.289780
120.900712 24.288968
120.901599 24.288346
120.902308 24.287885
120.903077 24.287182
120.903846 24.286397
120.904526 24.285449
120.905059 24.284772
120.906449 24.282931
120.906863 24.282362
120.907662 24.281523
120.908283 24.280684
>
120.821455 24.290424
120.820185 24.290422
120.818736 24.290610
120.817229 24.290310
>
120.866518 24.296395
120.869839 24.298608
>
120.841702 24.301166
120.840491 24.299837
120.839606 24.299132
>
120.884499 24.301812
120.884884 24.300945
120.885298 24.300052
120.885860 24.299212
120.886541 24.298400
120.887103 24.297886
>
120.838677 24.309289
120.836611 24.306714
120.835903 24.305738
120.834960 24.303732
120.834488 24.302784
120.834045 24.302079
120.833603 24.301613
120.832571 24.299585
120.831805 24.297824
120.831333 24.297146
120.830004 24.296034
120.828971 24.295383
120.828085 24.294731
120.824541 24.292750
>
120.480033 22.889277
120.479691 22.887796
120.479408 22.887089
120.479090 22.886399
120.478435 22.885582
120.478090 22.885194
120.477614 22.884518
120.477201 22.883930
120.476809 22.883461
120.476344 22.882926
120.475807 22.882618
120.475026 22.882470
120.474120 22.882207
120.473653 22.881915
120.473153 22.881682
120.472779 22.881478
120.472436 22.881303
120.471958 22.881105
120.471201 22.880683
120.470748 22.880384
120.470519 22.879995
120.470479 22.879608
120.470571 22.878516
120.470856 22.877532
120.471110 22.876577
120.471269 22.875970
120.471495 22.875481
120.471616 22.874957
120.471649 22.874552
120.471777 22.873915
120.471777 22.873741
120.471810 22.873451
120.471905 22.873121
120.471808 22.872970
120.471564 22.872408
120.471471 22.872031
120.471317 22.871538
120.471162 22.871103
120.470975 22.870250
120.470543 22.869537
120.469860 22.868405
120.469519 22.867738
120.469021 22.867099
120.468143 22.866453
120.467619 22.866022
120.467120 22.865702
120.466809 22.865382
120.466498 22.864976
120.466186 22.864656
120.465906 22.864337
120.465595 22.864133
120.465314 22.863871
120.465066 22.863494
120.464817 22.863145
120.464585 22.862730
120.464397 22.862534
120.464058 22.862206
120.463658 22.861810
120.463168 22.861286
120.462420 22.860559
120.461721 22.859869
120.460802 22.858903
120.459742 22.858088
120.458964 22.857275
120.458154 22.856577
120.457501 22.855908
120.456442 22.854949
120.454916 22.853495
120.453982 22.852652
120.453179 22.851859
120.452756 22.851538
120.452217 22.851331
120.451543 22.850840
120.450806 22.850032
120.449973 22.849075
120.449333 22.848387
120.448596 22.847550
120.447923 22.846832
120.447283 22.846114
120.446577 22.845605
120.445871 22.845125
120.445229 22.844765
120.444684 22.844435
120.444073 22.844224
120.443495 22.844043
120.442725 22.843534
120.441859 22.842994
120.441058 22.842216
120.439615 22.841018
120.438428 22.840060
120.437563 22.839401
120.436698 22.838384
120.435544 22.837336
120.434615 22.836558
120.434006 22.836019
120.433591 22.835272
120.433399 22.834973
120.433015 22.834554
120.432117 22.833865
120.430706 22.832787
120.429777 22.831829
120.429411 22.831255
120.429078 22.830684
120.428079 22.829491
120.427667 22.828602
120.427091 22.827854
120.426515 22.827136
120.424946 22.825550
120.423985 22.824623
120.423537 22.824114
120.423184 22.823725
120.422576 22.823097
120.422192 22.822708
120.421711 22.822169
120.421070 22.821690
120.420654 22.821241
120.420205 22.820822
120.419774 22.820461
120.418957 22.819476
120.417709 22.817921
120.416333 22.816246
120.414892 22.814750
120.414110 22.813974
120.412940 22.812298
120.411885 22.810952
120.411022 22.809637
120.410638 22.809188
120.410350 22.808889
120.409871 22.808112
120.409280 22.807716
120.408827 22.807384
120.408566 22.807134
120.408200 22.806701
120.407861 22.806319
120.407560 22.805804
120.407292 22.805090
120.407450 22.804577
120.407591 22.803999
120.407652 22.803494
120.407655 22.802907
120.407598 22.802069
120.407572 22.801202
120.407544 22.800504
120.407577 22.800001
120.407611 22.799023
120.407948 22.797683
120.407895 22.796063
120.407574 22.793631
120.407193 22.791170
120.406868 22.789744
120.406393 22.788122
120.405886 22.786919
120.404806 22.785713
120.403515 22.784675
120.402673 22.784224
120.401651 22.783662
120.400839 22.783240
120.400269 22.782735
120.399849 22.782342
120.399212 22.781890
120.398592 22.781475
120.398046 22.781134
120.397325 22.780628
120.396754 22.780319
120.395973 22.779841
120.395372 22.779559
120.394921 22.779250
120.394409 22.779080
120.394079 22.778883
120.393508 22.778574
120.393118 22.778209
120.392577 22.777844
120.392247 22.777535
120.391615 22.777169
120.391144 22.776853
120.390718 22.776535
120.389666 22.775262
120.388616 22.774253
120.387985 22.773691
>
120.641931 23.610626
120.641359 23.610545
120.639357 23.610227
120.638361 23.610105
120.636216 23.609302
120.635505 23.609080
120.635084 23.608709
120.634905 23.608451
120.634752 23.608254
120.634274 23.607750
120.634018 23.607519
120.633769 23.607334
120.633462 23.607173
120.633047 23.606992
120.632429 23.606784
120.631023 23.606303
120.629559 23.605686
120.628642 23.605247
120.628124 23.604877
120.627667 23.604412
120.627121 23.603756
120.626457 23.602894
120.625836 23.602210
120.625053 23.601731
120.624372 23.601552
120.623321 23.601454
120.623080 23.601423
120.622157 23.601331
120.622107 23.601328
120.621544 23.601176
120.620923 23.600916
120.620243 23.600504
120.619357 23.599793
120.618721 23.599272
120.617656 23.598751
120.616576 23.598380
120.615748 23.598187
120.614756 23.598034
120.613794 23.597800
120.612832 23.597497
120.611930 23.597140
120.611279 23.596784
120.610703 23.596250
120.610291 23.595635
120.609642 23.594609
120.609022 23.593816
120.608639 23.593338
120.607886 23.592408
120.607591 23.592079
120.607089 23.591628
120.606750 23.591054
120.606426 23.590439
120.606102 23.589865
120.605926 23.589209
120.605796 23.588267
120.605693 23.587885
120.605517 23.587475
120.605266 23.587160
120.605030 23.586832
120.604794 23.586545
120.604322 23.585930
120.603924 23.585328
120.603658 23.584945
120.603423 23.584562
120.602685 23.583633
120.602435 23.583222
120.601786 23.582347
120.601166 23.581513
120.600546 23.580897
120.600147 23.580583
120.599408 23.580144
120.599083 23.579952
120.598433 23.579363
120.596927 23.578213
120.594990 23.577048
120.594133 23.576514
120.593231 23.576020
120.592344 23.575608
120.591457 23.575224
120.590836 23.574853
120.590290 23.574470
120.590039 23.574196
120.589729 23.573772
120.589346 23.573225
120.589008 23.572296
120.588700 23.571381
120.588465 23.570807
120.588156 23.570302
120.587891 23.569837
120.587596 23.569263
120.587286 23.568880
120.586933 23.568319
120.586727 23.567950
120.586404 23.567131
120.586168 23.566680
120.585976 23.566433
120.585446 23.565736
120.585210 23.565381
120.584916 23.564779
120.584563 23.563878
120.584005 23.562566
120.583564 23.561486
120.583271 23.560585
120.582875 23.559274
120.582671 23.558331
120.582614 23.557662
120.582617 23.556653
120.582575 23.555806
120.582503 23.555178
120.582371 23.554714
120.582048 23.554031
120.581606 23.553361
120.580840 23.552062
120.580118 23.550845
120.579721 23.550121
120.579589 23.549670
120.579501 23.549397
120.579369 23.548974
120.579253 23.548168
120.579315 23.547540
120.579413 23.546804
120.579952 23.545058
120.581084 23.542932
120.582571 23.540698
120.584353 23.538274
120.587557 23.535764
120.589537 23.534389
120.590718 23.533581
120.590988 23.533397
120.591583 23.532783
120.592088 23.532262
120.592775 23.532011
120.593920 23.531381
120.595641 23.530330
120.596541 23.529834
120.597446 23.529397
120.598310 23.529030
120.600238 23.528279
120.602020 23.527461
120.604416 23.526278
120.606907 23.524998
120.607223 23.524620
120.607235 23.524606
>
120.632888 23.614647
120.633198 23.615120
120.633457 23.615566
120.633753 23.616150
120.634123 23.617077
120.634566 23.618244
120.635084 23.619479
120.635527 23.620646
120.635933 23.621848
120.636302 23.623186
120.636852 23.624218
120.637005 23.624496
120.637920 23.625711
120.639334 23.627306
120.640583 23.629129
120.641620 23.630945
120.642584 23.632929
120.642817 23.633210
120.643087 23.633536
120.643760 23.634349
120.645301 23.636437
120.645365 23.636544
120.645656 23.637030
120.646247 23.638018
120.647242 23.639477
120.648994 23.641816
120.650077 23.643336
120.652107 23.645955
120.652189 23.645978
120.652855 23.646508
120.653931 23.647220
120.654585 23.647611
120.655046 23.647967
120.655352 23.648464
120.655736 23.648962
120.656271 23.649587
120.657119 23.650437
120.657895 23.651221
120.658071 23.651325
120.658096 23.651415
120.658437 23.651774
120.658828 23.652322
120.659141 23.652760
120.659327 23.653021
120.659283 23.652928
120.660012 23.653703
120.661141 23.654944
120.662285 23.656045
120.662414 23.656167
120.663151 23.657063
120.665212 23.659080
120.666832 23.660649
120.667961 23.661993
120.669187 23.662934
120.672508 23.665497
120.672599 23.665516
120.673781 23.666511
120.675053 23.667426
120.676325 23.668407
120.677809 23.669257
120.678799 23.669781
120.679479 23.670181
120.680726 23.670560
120.681764 23.670748
120.682439 23.670842
120.683116 23.671365
120.683610 23.671792
120.683797 23.671820
120.683979 23.672205
120.684021 23.672261
120.684233 23.672540
120.686418 23.674418
120.688678 23.676348
120.690938 23.678478
120.693345 23.680741
120.694223 23.682273
120.695689 23.685206
120.696717 23.687805
120.697089 23.689873
120.697686 23.693407
120.698278 23.695941
120.698138 23.697142
120.698799 23.698608
120.699314 23.700075
120.699828 23.701475
120.699977 23.702208
120.700855 23.703741
120.701585 23.704473
120.702678 23.705271
120.703118 23.706071
120.703413 23.707138
120.703923 23.707603
120.705382 23.708868
120.705749 23.709667
120.705680 23.710468
120.704596 23.711805
120.703656 23.712874
120.703080 23.713943
120.703231 23.715344
120.703090 23.716144
120.703031 23.716926
120.702955 23.717246
120.702940 23.717745
120.702840 23.718638
120.702595 23.719666
