128.1169 -3.7500  -8  43 3 4 0.46   AMBO
121.4362 -1.0032 -36  28 3 3 0.34   AMPA
114.6800 -8.0936  -5  -3 4 3 0.40   BALI
114.7912 -3.8414  -2  -2 3 3 0.36   BATU
115.0309 4.9332   -7   0 2 3 0.09   BRUN
125.5081 7.0372  -53  12 3 4 0.08   DAVA
121.7657 -8.6496   8  35 4 4 0.51   ENDE
124.2804 -9.7121  12  49 4 4 0.54   KAPA
122.7362 -4.1985  -7  12 5 4 0.23   KEND
125.7387 -8.0058  16  50 4 4 0.52   LIRA
120.9048 -2.5776 -14   6 3 3 0.41   MALI
125.0637 1.3220  -13   8 3 4 0.32   MANA
120.3674 -3.5158 -11   3 3 3 0.43   REDO
125.9910 -2.0347 -39  35 3 4 0.42   SANA
117.9786 4.2230  -10  -6 2 3 0.16   TAWA
127.3417 0.8546  -85  29 3 4 0.34   TERN
121.4895 -4.5513  -4  10 3 3 0.46   TOAR
119.5810 -5.1194  -2   2 3 3 0.45   UJPD
138.9521 -4.0149  13  77 4 6 0.42   WAME
122.0728 6.9264  -24   3 2 3 0.06   ZAMB
103.1392 5.2835    0   2 2 1 0.02   KUAL
108.2634 15.9020  -1  -4 1 2 0.25   NONN
108.8909 0.8570    1  -2 1 2 -0.15  TABA
136.2483 -1.1596 437 916 3 5 0.37   BIAK
120.8499 0.4501  -54  65 3 3 0.34   TOMI