> EU-AF
-8.785        36.051                 
-8.031        35.667                 
-7.193        35.273                 
-6.73         35.063                 
-6            34.263                 
15.344        37.615                 
> AR-EU
57.057        26.049                 
50.998        29.072                 
> TI-AU
125.482       -9.984                 
125.869       -9.784                 
128.376       -9.095                 
129.106       -9.02                  
> AU-PA
168.77        -44.021                
169.136       -43.845                
169.647       -43.594                
170.103       -43.358                
170.638       -43.088                
171.277       -42.743                
171.473       -42.675                
171.859       -42.616                
172.593       -42.483                
173.126       -42.392                
173.724       -42.291                
174.304       -42.201                
> KE-AU
175.609       -39.23                 
176.074       -40.046                
175.868       -40.311                
> WL-AU
145.666       -7.661                 
146.398       -8.103                 
> AU-WL
147.539       -8.886                 
> CA-NA
-69.415       19.696                 
-73.239       20.291                 
-73.994       20.166                 
-74.749       20.037                 
-75.239       19.99                  
-75.729       19.942                 
-86.966       16.476                 
> CA-SA
-63.878       10.532                 
-63.233       10.509                 
-62.641       10.482                 
-62.158       10.458                 
-61.542       10.427                 
-60.927       10.395                 
-60.457       10.345                 
-59.988       10.295                 
-59.121       10.22                  
> EU-IN
67.104        25.499                 
67.268        25.984                 
67.253        26.518                 
67.248        27.085                 
67.332        27.912                 
67.24         28.573                 
67.277        29.377                 
69.881        29.262                 
70.1          29.84                  
70.178        30.423                 
75.675        32.189                 
> NA-EU
141.242       66.979                 
142.503       66.654                 
143.731       66.318                 
144.344       65.803                 
> NA-PA
-137.107      58.438                 
-136.895      58.09                  
-136.522      57.634                 
-136.209      57.118                 
-135.903      56.621                 
-135.429      56.102                 
-135.18       55.819                 
-134.669      55.317                 
-134.151      54.812                 
-133.84       54.377                 
-133.426      53.924                 
-133.093      53.522                 
-131.592      52.259                 
-124.416      40.311                 
-124.163      39.914                 
-123.89       39.439                 
-123.597      38.997                 
-123.305      38.541                 
-122.696      37.874                 
-122.38       37.527                 
-122.005      37.205                 
-121.305      36.698                 
-120.897      36.338                 
-120.438      35.91                  
-119.936      35.45                  
-116.66       34.042                 
-116.209      33.771                 
-115.773      33.421                 
-115.717      33.13                  
-115.594      33.04                  
-115.581      32.876                 
-115.412      32.71                  
-115.33       32.418                 
-115.085      32.236                 
-114.765      31.995                 
-114.522      31.786                 
-114.332      31.602                 
-114.207      31.458                 
-114.439      31.097                 
-114.303      30.912                 
-114.129      30.68                  
-113.986      30.513                 
-114.041      30.121                 
-113.969      29.646                 
-113.775      29.44                  
-113.521      29.205                 
-113.339      28.95                  
-113.087      28.715                 
-112.812      28.499                 
-112.589      28.322                 
> OK-PS
139.234       35.014                 
> KE-TO
-175.691      -23.853                
-176.356      -23.952                
> NI-AU
-177.678      -16.177                
-177.513      -16.32                 
-177.364      -16.437                
-177.201      -16.575                
-177.068      -16.725                
> TO-NI
-174.597      -17.612                
> SL-AN
-63.969       -62.422                
> AS-AT 
28.254        37.269                 
28.254        37.521                 
25.861        39.708                 
> AS-EU
24.002        39.918                 
23.787        39.72                  
23.463        39.287                 
23.212        38.948                 
22.955        38.599                 
20.437        38.471                 
> AR-AF
35.571        32.755                 
35.309        31.383                 
35.142        30.702                 
> AT-AR
36.466        36.73                  
39.402        38.497                 
40.624        38.857                 
> EU-AR
41.001        39.08                  
44.02         37.098                 
44.357        36.572                 
44.515        36.015                 
44.671        35.458                 
44.836        35.025                 
> AT-EU
41.001        39.08                  
40.449        39.393                 
39.892        39.702                 
39.268        39.909                 
38.795        40.009                 
38.021        40.269                 
37.062        40.6                   
36.169        40.849                 
35.527        41.002                 
34.832        41.123                 
34.286        41.159                 
33.405        41.023                 
32.393        40.86                  
31.482        40.679                 
31.116        40.615                 
30.007        40.768                 
29.03         40.686                 
28.725        40.668                 
27.256        40.789                 
26.597        40.553                 
26.01         40.326                 
> OK-NA
170.743       61.736                 
169.722       61.667                 
168.706       61.59                  
167.696       61.506                 
166.691       61.414                 
165.013       61.338                 
163.345       61.241                 
162.353       61.272                 
161.359       61.296                 
160.363       61.313                 
159.367       61.322                 
158.045       61.407                 
156.717       61.479                 
155.337       61.607                 
152.596       62.353                 
151.189       62.971                 
149.721       63.574                 
148.191       64.162                 
146.595       64.733                 
> OK-EU
141.451       56.188                 
141.7         55.65                  
141.943       55.112                 
142.179       54.574                 
> AM-EU
140.145       54.103                 
139.211       54.333                 
137.918       54.588                 
136.61        54.83                  
135.138       55.06                  
133.65        55.273                 
132.674       55.491                 
131.688       55.702                 
130.747       55.861                 
129.798       56.013                 
128.393       56.402                 
126.96        56.774                 
125.499       57.13                  
124.573       57.178                 
123.645       57.219                 
122.715       57.254                 
121.784       57.281                 
120.851       57.302                 
116.382       56.618                 
115.015       56.526                 
113.656       56.418                 
112.305       56.295                 
113.542       41.399                 
114.392       41.163                 
116.379       40.268                 
117.01        40.057                 
> EU-SU
99.21         14.446                 
101.451       17.066                 
102.032       17.35                  
110.512       17.783                 
111.04        17.87                  
> YA-SU
114.419       18.826                 
114.926       19.34                  
117.145       19.94                  
117.504       20.33                  
118.045       21.498                 
118.958       22.003                 
> IN-EU
96.406        15.135                 
96.419        15.396                 
96.447        16.003                 
95.918        21.681                 
95.918        22.352                 
95.909        23.015                 
95.969        23.76                  
96.117        24.48                  
96.31         25.134                 
96.581        25.647                 
96.906        26.287                 
97.13         26.82                  
97.346        27.241                 
> EU-YA
112.038       21.831                 
111.175       22.165                 
110.308       22.495                 
109.436       22.82                  
108.561       23.141                 
114.96        34.828                 
119.001       31.376                 
121.027       31.581                 
121.611       31.557                 
122.195       31.531                 
122.78        31.502                 
> AP-SA
-70.683       -21.734                
-72.036       -12.348                
-72.655       -12.418                
> PS-YA
121.575       24.691                 
> PS-SU
119.255       16.556                 
119.728       16.407                 
120.201       16.257                 
120.673       16.107                 
121.145       15.955                 
121.616       15.802                 
> SU-BH
128.187       1.974                  
> MS/SU
119.249       0.714                  
> MS-BS
122.223       -2.35                  
126.963       -4.188                 
127.325       -3.719                 
127.51        -3.163                 
127.667       -2.447                 
> BS-SU
118.823       -3.61                  
119.953       -4.303                 
120.62        -6.122                 
120.546       -6.968                 
> BS-AU
132.689       -6.681                 
133.188       -6.515                 
> MS-BH
127.666       -1.758                 
127.241       -1.388                 
126.393       -0.648                 
> SU-TI
120.886       -11.493                
120.995       -10.829                
121.033       -10.165                
120.821       -9.586                 
120.61        -9.007                 
120.576       -8.41                  
> AU-MO
140.798       -5.11                  
140.264       -4.931                 
139.731       -4.751                 
138.959       -4.548                 
138.484       -4.442                 
138.01        -4.337                 
137.177       -4.221                 
136.672       -4.199                 
136.167       -4.177                 
135.459       -4.218                 
> AU-BH
134.966       -4.298                 
> MO-BH 
138.972       -1.607                 
138.488       -1.754                 
138.003       -1.9                   
137.634       -2.08                  
137.282       -2.295                 
> SU-BU
96.48         14.4                   
94.216        9.717                  
94.497        6.837                  
94.95         6.259                  
95.435        5.715                  
96.013        5.114                  
> IN-BU
92.517        14.384                 
92.941        14.869                 
93.368        15.353                 
93.788        15.562                 
94.209        15.77                  
95.095        15.813                 
95.911        15.535                 
> MS-SU
124.416       0.013                  
124.01        0.437                  
123.746       0.843                  
> ON-PS
121.575       24.691                 
> YA-ON
125.736       25.644                 
126.82        26.811                 
127.417       27.486                 
128.557       28.401                 
128.881       30.104                 
129.059       31.264                 
129.121       31.409                 
> AM-YA
123.364       31.471                 
123.867       31.326                 
124.487       31.25                  
125.03        31.196                 
125.729       31.202                 
126.404       31.227                 
127.054       31.273                 
127.655       31.362                 
128.258       31.471                 
128.812       31.601                 
> PA-NB
154.592       -5.581                 
154.545       -5.901                 
> NB-SB
144.368       -3.531                 
144.807       -3.55                  
147.539       -2.881                 
148.123       -3.026                 
148.329       -3.141                 
151.563       -3.665                 
152.132       -3.666                 
152.226       -3.739                 
152.328       -3.822                 
152.415       -3.903                 
152.478       -3.974                 
152.557       -4.039                 
152.616       -4.13                  
152.662       -4.188                 
152.927       -4.603                 
> SB-WL
145.007       -5.202                 
> WL-SS
154.087       -8.633                 
153.697       -8.966                 
> BR-AU
179.614       -15.677                
179.89        -15.654                
> FT-AU
-178.812      -15.377                
-178.264      -15.325                
-177.691      -15.398                
> FT-PA
-176.346      -14.634                
-176.88       -14.671                
-177.415      -14.706                
> SC-SA
-56.457       -53.649                
-57.75        -53.626                
-59.246       -53.598                
-60.532       -53.674                
-61.933       -53.81                 
-62.821       -53.917                
-65.871       -54.318                
-67.404       -54.394                
-68.989       -54.43                 
-69.867       -54.231                
-70.513       -54.099                
-71.291       -53.923                
-72.082       -53.718                
-73.01        -53.313                
-74.035       -52.911                
-74.996       -52.556                
-75.743       -52.315                
> SW-SC
-28.677       -60.459                
> SC-AN
-32.367       -60.409                
-31.014       -60.512                
> AF-AR
34.257        27.885                 
34.428        28.414                 
34.601        28.943                 
34.776        29.472                 
> AR-AF
40.172        16.304                 
40.614        13.742                 
41.206        11.811                 
> AT/AF
34.5          34.785                 
34.9          35.091                 
35.362        35.405                 
35.791        35.689                 
> SO-AF
37.583        5.956                  
36.29         5.009                  
35.782        5.099                  
35.275        5.188                  
34.767        5.277                  
34.26         5.366                  
33.752        5.455                  
33.244        5.543                  
32.736        5.63                   
31.279        4.477                  
33.11         -21.344                
32.636        -21.492                
32.16         -21.639                
31.684        -21.784                
29.289        -22.491                
28.844        -22.971                
28.396        -23.45                 
27.944        -23.928                
26.596        -26.768                
26.595        -27.477                
27.769        -29.06                 
28.054        -29.454                
> AF-SO
30.4          -31.833                
29.656        -31.236                
28.921        -30.635                
> PM-CA
-76.684       8.731                  
> NZ-PM 
-79.47        7.228                  
-79.658       7.184                  
> PM-ND 
-78.646       7.337                  
-78.229       7.51                   
-78.013       7.637                  
-77.534       8.012                  
-77.331       8.105                  
> CA\ND
-70.496       13.162                 
> ND-SA
-81.599       -3.245                 
-81.302       -3.268                 
-80.977       -3.264                 
-80.575       -3.074                 
-80.206       -2.883                 
-79.803       -2.643                 
-77.332       0.899                  
-76.922       1.101                  
-76.254       1.506                  
-74.345       3.294                  
-73.592       4.168                  
-73.326       4.308                  
-72.633       5.118                  
-72.437       7.7                    
-72.246       7.819                  
-71.696       8.342                  
-71.456       8.453                  
-70.925       8.807                  
-70.727       8.876                  
-69.297       10.121                 
-69.14        10.196                 
-68.976       10.299                 
-68.67        10.455                 
-68.507       10.502                 
-68.131       10.511                 
> CA-SA
-67.961       10.5                   
-67.499       10.592                 
-66.869       10.667                 
-66.437       10.662                 
-65.964       10.653                 
-65.526       10.615                 
-64.997       10.539                 
-64.508       10.474                 
-64.21        10.519                 