> EU-AF
-6.064         34.784                   
-6.04          34.517                   
15.639         38.299                   
15.551         38.114                   
15.421         37.886                   
> PA-AN
167.55         -62.971                  
168.277        -62.773                  
168.708        -62.632                  
> TI-AU
129.861        -8.926                   
130.54         -8.726                   
130.933        -8.562                   
131.415        -8.267                   
131.867        -7.661                   
132.431        -6.989                   
> KE-AU
-177.419       -24.105                  
-177.448       -24.242                  
-177.552       -24.72                   
-177.657       -25.197                  
-178.482       -27.986                  
-178.966       -29.498                  
-179.074       -29.792                  
178.996        -34.246                  
177.507        -36.461                  
177.049        -37.102                  
176.77         -37.485                  
176.509        -37.885                  
176.241        -38.287                  
175.995        -38.674                  
175.932        -38.762                  
> AU-WL
151.545        -9.676                   
151.005        -9.681                   
150.466        -9.687                   
150.245        -9.945                   
149.676        -9.801                   
149.133        -9.353                   
148.751        -9.57                    
148.207        -9.212                   
> CA-NA
-87.723        16.251                   
-88.351        15.958                   
-88.876        15.622                   
-89.372        15.215                   
-89.718        14.815                   
-90.037        14.392                   
-90.426        13.917                   
-90.81         13.394                   
> EU-IN
67.342         28.404                   
70.258         31.006                   
70.101         31.459                   
> NA-EU
125.679        78.133                   
126.457        77.684                   
127.181        77.234                   
127.634        76.643                   
128.05         76.05                    
128.519        75.494                   
128.955        74.938                   
129.595        74.479                   
130.2          74.018                   
131.263        73.371                   
132.483        72.695                   
133.267        72.282                   
134.017        71.865                   
134.854        71.268                   
135.595        70.692                   
135.962        70.53                    
136.758        69.954                   
137.368        69.635                   
138.523        69.042                   
138.963        68.477                   
139.381        67.91                    
140.33         67.447                   
> NA-PA
-115.596       33.237                   
-115.508       32.958                   
-115.212       32.512                   
-114.118       31.356                   
-114.33        31.194                   
-113.807       30.313                   
-113.87        29.73                    
-113.281       29.008                   
> KE-TO
-176.887       -24.029                  
> NI-FT
-176.319       -14.904                  
-176.331       -15.05                   
-176.341       -15.184                  
-176.387       -15.312                  
-176.66        -15.604                  
> NI-AU 
-177.13        -15.559                  
-177.664       -16.107                  
-176.921       -16.877                  
-176.82        -17.034                  
-176.713       -17.219                  
-176.625       -17.399                  
> TO-NI
-174.667       -15.37                   
-174.731       -15.471                  
-174.822       -15.616                  
-174.866       -15.739                  
-174.55        -16.597                  
-174.535       -16.736                  
-174.529       -16.874                  
-174.523       -17.066                  
-174.565       -17.101                  
-174.599       -17.32                   
-174.571       -17.36                   
-174.56        -17.63                   
-174.568       -17.842                  
-174.659       -18.035                  
-174.757       -18.231                  
-174.87        -18.416                  
-174.956       -18.604                  
-175.035       -18.788                  
-175.095       -19.001                  
-175.155       -19.225                  
-175.189       -19.459                  
> TO-AU
-177.102       -23.414                  
-177.25        -23.708                  
> SL-AN
-63.292        -62.825                  
-62.42         -63.001                  
-61.75         -63.293                  
-60.118        -62.945                  
-58.614        -62.553                  
-57.39         -62.304                  
-56.306        -62.063                  
-55.436        -61.687                  
> SC-AN
-54.301        -61.51                   
> AS-AT
28.789         36.361                   
28.411         36.983                   
28.278         37.757                   
28.2           37.965                   
27.954         38.228                   
27.672         38.499                   
27.138         38.876                   
26.61          39.298                   
26.256         39.529                   
> AS-EU
25.417         40.156                   
24.931         40.092                   
24.559         40.055                   
22.727         38.271                   
22.164         38.355                   
21.582         38.421                   
21.097         38.439                   
> AS-EU
36.413         36.023                   
36.389         36.26                    
> AT-EU
30.774         40.601                   
27.987         40.618                   
27.568         40.64                    
> OK-EU
144.932        65.286                   
145.487        64.438                   
146.008        63.587                   
146.499        62.734                   
146.963        61.88                    
146.126        61.57                    
145.306        61.255                   
144.502        60.935                   
143.715        60.611                   
142.943        60.282                   
142.187        59.948                   
142.086        59.479                   
141.988        59.009                   
141.893        58.539                   
141.8          58.069                   
141.709        57.598                   
141.621        57.128                   
141.535        56.658                   
> AM-EU
142.409        54.035                   
141.278        54.074                   
119.918        57.316                   
119.021        57.151                   
118.133        56.98                    
117.253        56.802                   
110.924        56.221                   
109.758        55.762                   
109.375        55.331                   
109            54.899                   
108.691        54.15                    
108.393        53.401                   
107.706        53.081                   
107.029        52.758                   
106.362        52.431                   
105.705        52.099                   
105.058        51.765                   
104.42         51.427                   
104.904        50.786                   
105.375        50.143                   
105.582        49.292                   
105.781        48.441                   
105.916        47.91                    
106.048        47.38                    
106.177        46.849                   
106.304        46.318                   
106.46         45.875                   
106.614        45.431                   
106.765        44.987                   
106.914        44.543                   
107.061        44.099                   
107.205        43.655                   
108.131        43.149                   
109.041        42.637                   
109.693        42.07                    
110.57         41.601                   
111.435        41.126                   
115.235        40.921                   
115.81         40.596                   
122.732        42.188                   
123.51         41.53                    
124.272        40.868                   
125.019        40.2                     
125.199        39.742                   
125.376        39.283                   
125.551        38.824                   
125.723        38.365                   
125.914        37.541                   
126.101        36.717                   
126.115        36.169                   
126.128        35.621                   
126.196        34.936                   
> EU-SU
99.766         14.838                   
100.297        15.462                   
100.832        16.084                   
101.141        16.575                   
> YA-SU
117.864        20.72                    
> EU-YA
114            18.438                   
113.759        18.863                   
113.517        19.288                   
113.274        19.713                   
113.03         20.137                   
112.784        20.561                   
112.537        20.985                   
112.288        21.408                   
107.681        23.456                   
107.132        24.052                   
106.578        24.646                   
106.018        25.238                   
105.72         25.797                   
105.419        26.355                   
105.182        27.117                   
104.942        27.878                   
105.17         28.334                   
105.399        28.79                    
106.262        29.254                   
107.133        29.713                   
108.043        30.005                   
108.959        30.29                    
109.88         30.569                   
110.806        30.842                   
111.209        31.252                   
111.615        31.66                    
111.633        32.252                   
111.651        32.843                   
112.274        33.465                   
112.905        34.083                   
113.25         34.469                   
113.599        34.854                   
114.28         34.843                   
119.711        31.199                   
120.368        31.392                   
> AP-SA
-70.062        -21.5                    
-69.114        -21.5                    
-68.166        -21.5                    
-67.655        -21.5                    
-67.145        -21.5                    
-66.634        -21.5                    
-66.123        -21.5                    
-65.427        -21.465                  
-64.732        -21.427                  
-64.139        -21.399                  
-73.274        -12.486                  
-73.85         -13.182                  
-74.429        -13.876                  
-74.922        -14.497                  
-75.418        -15.117                  
> SU-BH
128.081        2.29                     
128.752        1.623                    
> MS-BS
119.475        -0.081                   
119.896        -0.859                   
120.388        -1.461                   
120.811        -1.71                    
121.234        -1.959                   
121.728        -2.154                   
> BS-AU + AU-BH  134.488        -4.437
133.686        -6.348                   
133.982        -5.641                   
133.449        -5.344                   
134.488        -4.437                   
> MO-BH
136.931        -2.493                   
136.562        -2.796                   
136.167        -3.1                     
135.771        -3.403                   
135.262        -3.849                   
> SU-BU
96.503         14.129                   
95.857         13.783                   
94.415         9.27                     
94.775         7.847                    
96.567         4.644                    
96.601         3.772                    
96.697         2.979                    
96.783         2.185                    
96.743         1.763                    
> YA-ON
121.575        24.691                   
122.024        24.853                   
122.554        25.065                   
123.182        24.86                    
123.721        24.899                   
123.755        25.017                   
124.705        25.12                    
124.697        25.475                   
125.159        25.569                   
125.663        25.927                   
126.065        26.123                   
126.383        26.37                    
126.477        26.54                    
126.745        27.006                   
126.885        27.149                   
127.347        27.662                   
127.599        27.79                    
128.049        28.053                   
128.321        28.708                   
128.687        29.032                   
128.646        29.893                   
128.848        30.387                   
128.819        31.024                   
> AM-ON
129.442        31.793                   
129.768        32.042                   
130.185        32.019                   
130.835        31.982                   
131.284        31.877                   
131.717        31.761                   
132.03         31.484                   
> EU-AM
123.364        31.471                   
124.072        32.173                   
124.791        32.87                    
125.521        33.563                   
> PA-NB
154.978        -5.24                    
> NB-SB
146.836        -3.755                   
146.918        -3.641                   
146.999        -3.514                   
147.083        -3.385                   
147.162        -3.261                   
147.241        -3.152                   
147.325        -3.053                   
147.407        -2.962                   
147.478        -2.909                   
147.605        -2.879                   
151.428        -3.754                   
151.675        -3.769                   
151.814        -3.72                    
151.929        -3.677                   
151.987        -3.649                   
152.038        -3.636                   
> SB-WL
143.743        -3.46                    
144.079        -3.766                   
144.416        -4.004                   
144.583        -4.376                   
144.733        -4.697                   
144.867        -4.968                   
> PS-MA
142.56         22.662                   
142.257        23.009                   
> NH-PA
168.596        -13.514                  
> CR-NH
174.09         -21.841                  
> PA-BR
173.049        -13.49                   
174.898        -13.335                  
> SC-SA
-63.713        -54.018                  
-64.788        -54.173                  
> SC-AN
-33.446        -60.701                  
> SO-AR
43.65          12.013                   
42.841         11.795                   
> AF-AR
39.298         19.03                    
38.826         19.448                   
38.396         19.907                   
38.075         20.389                   
37.975         21.021                   
37.825         21.843                   
37.54          22.494                   
37.042         23.226                   
36.571         23.639                   
36.407         24.133                   
36.242         24.626                   
36.066         25.055                   
35.889         25.484                   
35.546         25.919                   
35.2           26.353                   
34.875         26.808                   
34.547         27.262                   
> AR-AF
39.298         19.03                    
39.59          18.419                   
39.987         17.949                   
40.331         17.266                   
40.251         16.785                   
39.671         15.772                   
39.777         15.138                   
40.026         14.719                   
40.275         14.3                     
40.091         13.209                   
40.507         12.6                     
40.857         12.205                   
41.649         12.189                   
> SO-AF
42.033         11.577                   
41.442         11.317                   
41.117         10.732                   
40.792         10.146                   
40.449         9.796                    
40.107         9.446                    
39.79          9.071                    
39.473         8.696                    
39.157         8.296                    
38.841         7.895                    
38.478         7.447                    
38.115         6.998                    
37.849         6.477                    
36.914         5.958                    
36.601         5.484                    
32.227         5.717                    
31.753         5.097                    
30.471         4.235                    
30.475         3.524                    
30.478         2.812                    
31.049         2.648                    
31.62          2.483                    
31.122         1.96                     
30.625         1.437                    
30.246         0.749                    
29.867         0.06                     
29.63          -0.626                   
29.392         -1.313                   
29.13          -1.809                   
28.868         -2.306                   
28.91          -3.134                   
28.953         -3.962                   
29.28          -4.557                   
29.608         -5.151                   
29.604         -5.625                   
29.6           -6.099                   
30.045         -6.791                   
30.493         -7.483                   
31.042         -7.631                   
31.592         -7.778                   
32.117         -8.162                   
32.643         -8.546                   
33.099         -8.643                   
33.556         -8.741                   
33.818         -9.598                   
34.081         -10.455                  
34.709         -11.027                  
34.441         -11.717                  
34.172         -12.406                  
34.071         -13.167                  
34.461         -13.859                  
34.853         -14.549                  
34.729         -15.191                  
34.604         -15.834                  
34.901         -16.334                  
35.199         -16.833                  
35.2           -17.404                  
35.2           -17.976                  
34.599         -18.356                  
34.272         -18.688                  
33.943         -19.019                  
33.613         -19.35                   
33.282         -19.681                  
33.196         -20.512                  
27.489         -24.404                  
27.592         -24.847                  
27.696         -25.291                  
27.8           -25.733                  
26.594         -28.187                  
27.179         -28.625                  
> NZ-PM
-80.687        7.415                    
> CA\ND
-70.659        13.31                    
-70.183        12.93                    
-69.863        12.668                   
-69.594        12.45                    
-69.348        12.175                   
-69.024        11.844                   
-68.73         11.513                   
-68.379        11.174                   
-68.087        10.814                   
> ND-SA
-68.35         10.535                   
> CA-SA
-65.121        10.6                     
