> EU-AF
-5.808        34.019           
-5.397        33.985           
-5.072        34.078           
-4.706        34.068           
-4.056        34.199           
-3.782        35.014           
-3.749        35.596           
-3.296        35.858           
-2.893        36.018           
-2.573        36.105           
-1.992        35.898           
-1.516        35.771           
-0.748        35.776           
0.003         35.904           
0.667         36.072           
1.245         36.282           
1.97          36.503           
2.38          36.594           
3.454         36.851           
4.297         36.97            
8.265         37.467           
8.627         37.79            
8.942         38.212           
9.264         38.341           
9.7           38.47            
10.089        38.572           
14.514        38.765           
15.175        38.292           
15.499        38.401           
> AR-EU
57.832        24.443           
57.345        24.788           
57.121        25.552           
56.992        26.545           
56.875        27.301           
56.423        27.368           
55.662        26.947           
54.728        26.668           
53.86         26.717           
53.241        27.121           
52.504        27.561           
51.912        27.957           
51.283        28.487           
51.057        29.578           
50.453        30.103           
49.974        30.453           
49.492        30.802           
49.265        31.212           
49.036        31.621           
48.489        32.237           
48.17         32.308           
47.77         32.311           
47.411        32.448           
46.608        32.887           
45.918        33.39            
45.505        33.893           
> TI-AU
121.783       -11.412          
122.627       -11.188          
123.217       -10.995          
123.96        -10.708          
> AU-PA
170.995       -42.932          
> KE-AU
175.537       -40.598          
175.324       -40.791          
175.012       -40.979          
174.632       -41.157          
174.763       -41.566          
174.945       -41.757          
> WL-MO
138.972       -1.607           
139.205       -2.093           
139.439       -2.578           
139.809       -3.178           
140.07        -3.645           
140.328       -4.045           
140.566       -4.586           
> WL-AU
140.798       -5.11            
140.847       -5.145           
141.483       -5.727           
142.231       -5.986           
142.956       -6.295           
143.569       -6.558           
144.136       -6.813           
144.74        -7.023           
145.249       -7.374           
146.918       -8.41            
> CA-NA
-69.978       19.802           
> EU-IN
65.028        24.382           
65.492        24.62            
65.958        24.856           
66.53         25.179           
67.301        29.795           
67.849        30.073           
68.311        29.878           
68.679        29.209           
69.086        29.096           
69.942        31.913           
70.439        32.431           
70.942        32.947           
71.392        33.477           
71.847        34.005           
72.459        34.682           
73.03         34.176           
73.593        33.667           
74.314        33.159           
75.089        32.881           
75.722        31.633           
76.521        31.154           
77.007        30.738           
77.641        30.558           
78.076        30.226           
78.422        29.887           
78.912        29.678           
79.197        29.393           
79.79         29.143           
80.227        29.093           
80.547        28.975           
81.043        28.79            
81.361        28.413           
82.2          28.167           
82.935        27.882           
83.667        27.593           
84.159        27.452           
84.649        27.309           
85.622        27.17            
86.252        27.095           
86.481        26.737           
86.82         26.668           
87.219        27.022           
87.745        26.909           
88.32         26.885           
89.282        27.027           
89.772        26.847           
90.329        26.937           
91.258        27.007           
91.781        27.033           
92.305        27.056           
93.233        27.117           
93.57         27.11            
94.189        27.501           
94.829        27.918           
95.466        28.183           
96.234        28.135           
96.792        28.11            
> NA-PA
-145.756      59.273           
-144.977      59.576           
-144.316      59.918           
-143.332      60.206           
-142.405      60.465           
-141.598      60.401           
-141.074      60.31            
-140.128      60.381           
-139.396      60.09            
-138.86       59.762           
-138.353      59.336           
-137.819      58.925           
-132.714      53.127           
-132.169      52.697           
-131.177      51.886           
-124.742      40.313           
-119.329      34.981           
-118.912      34.837           
-118.4        34.658           
-118.072      34.564           
-117.746      34.441           
-117.507      34.35            
-117.159      34.181           
> OK-PS
138.674       35.034           
139.429       34.86            
> TO-NI
-175.21       -19.704          
> SC-SL
-55.067       -60.763          
-54.309       -60.978          
> AS-EU
20.282        38.115           
> AR-AF
36.413        36.023           
36.431        35.752           
36.396        35.285           
36.325        34.482           
36.024        34.096           
35.726        33.71            
35.648        33.232           
35.47         32.004           
> AT-AR       
36.79         37.398           
37.083        37.512           
37.682        37.834           
38.042        37.994           
38.365        38.121           
38.856        38.314           
40.163        38.768           
> EU-AR
41.026        38.849           
41.236        38.616           
41.839        38.355           
42.289        38.213           
42.797        37.991           
43.176        37.685           
43.647        37.407           
> OK-NA
153.946       61.721           
> OK-AM
142.409       54.035           
142.849       53.384           
142.784       53.042           
142.692       52.542           
142.541       51.7             
142.398       50.857           
142.521       50.318           
142.641       49.778           
142.761       49.241           
142.878       48.704           
142.023       48.051           
141.178       47.392           
140.553       46.956           
139.938       46.516           
139.37        46.224           
139.158       45.947           
139.038       45.412           
138.85        44.811           
137.774       38.982           
137.848       38.485           
137.889       37.856           
137.902       37.184           
137.854       36.6             
137.894       36.311           
138.121       36.027           
138.259       35.734           
138.421       35.36            
> AM-EU
112.287       40.645           
112.911       41.024           
117.638       39.843           
118.245       40.054           
118.856       40.261           
119.846       40.654           
120.848       41.039           
121.313       41.329           
121.782       41.617           
122.255       41.903           
> EU-SU
96.48         14.4             
97.39         14.419           
98.3          14.434           
102.615       17.633           
103.18        17.66            
103.746       17.685           
104.312       17.708           
104.878       17.73            
105.817       17.75            
106.756       17.766           
107.695       17.777           
108.634       17.784           
109.573       17.785           
> YA-SU
115.494       19.687           
116.319       19.815           
118.484       22.107           
119.618       22.269           
120.036       21.951           
> BU-EU
96.48         14.4             
96.454        14.909           
> IN-EU
96.47         16.644           
96.466        17.435           
96.421        17.982           
96.341        18.705           
96.225        19.412           
96.016        20.04            
95.943        20.9             
97.471        27.702           
> EU-YA
115.746       34.213           
116.521       33.593           
117.284       32.968           
117.719       32.572           
118.15        32.175           
118.577       31.776           
> AP-SA
-63.545       -21.368          
-63.36        -20.759          
-63.176       -20.15           
-63.286       -19.511          
-63.396       -18.872          
-63.617       -18.375          
-63.836       -17.878          
-63.856       -17.464          
-64.585       -17.402          
-65.419       -17.11           
-65.795       -16.729          
-66.171       -16.348          
-66.696       -15.714          
-67.218       -15.078          
-67.423       -14.527          
-68.008       -14.028          
-68.59        -13.527          
-69.046       -13.395          
-69.501       -13.261          
-70.125       -13.035          
-70.747       -12.807          
-71.392       -12.578          
> PS-YA
121.335       24.963           
120.981       24.654           
120.546       23.979           
120.36        23.198           
120.394       22.581           
120.425       22.043           
> SU-BH
127.446       2.319            
> BS-SU
119.565       -3.966           
120.341       -4.64            
120.516       -5.276           
> BH-BS
127.666       -1.758           
132.717       -4.44            
> BS-TI 
123.383       -7.784           
129.236       -6.334           
129.839       -6.526           
131.01        -6.68            
131.577       -6.642           
132.133       -6.662           
> YA-ON
129.055       29.355           
129.032       30.585           
> CL-NB
142.626       -1.916           
> NB-SB
143.743       -3.46            
146.415       -3.438           
147.816       -2.813           
147.983       -2.922           
> NB-MN
150.56        -3.051           
150.616       -3.047           
150.615       -3.085           
150.634       -3.163           
150.683       -3.235           
150.824       -3.348           
150.879       -3.331           
150.931       -3.372           
> SB-WL
145.505       -5.762           
146.007       -6.112           
146.497       -6.513           
146.956       -6.718           
> NH-PA
168.159       -13.515          
167.157       -13.649          
> FT-PA
-177.746      -14.646          
-178.24       -14.317          
> SC-SA
-34.591       -55.729          
-37.81        -55.086          
> SO-AF
31.207        -21.928          
30.729        -22.071          
30.25         -22.212          
29.77         -22.352          
27.905        -26.177          
27.253        -26.474          
> PM-CA
-76.765       9.065            
-81.654       9.444            
-82.08        9.44             
-82.313       9.509            
-82.525       9.599            
-82.802       9.77             
-83.021       9.873            
-83.209       10.053           
-83.465       10.209           
-83.782       10.321           
-84.073       10.448           
-84.424       10.537           
-84.746       10.593           
-85.124       10.653           
-85.435       10.627           
-85.716       10.567           
-85.969       10.489           
-86.248       10.388           
> NZ-PM
-80.539       7.335            
> PM-ND
-77.707       7.829            
-77.149       8.19             
-76.906       8.443            
> ND-SA
-79.497       -2.472           
-79.225       -2.279           
-78.929       -1.994           
-78.667       -1.421           
-78.437       -0.748           
-78.193       -0.234           
-78.006       0.148            
-77.707       0.586            
-76.574       1.276            
-75.989       1.618            
-75.774       1.932            
-75.433       2.281            
-75.21        2.498            
-74.875       2.791            
-74.589       3.022            
-74.101       3.42             
-73.926       3.56             
-73.815       3.819            
-73.78        3.979            
-73.13        4.413            
-72.92        4.741            
-72.773       4.936            
-72.353       5.264            
-72.199       5.537            
-72.149       5.788            
-72.079       6.046            
-71.924       6.262            
-71.903       6.465            
-71.889       6.681            
-72.05        7.03             
-72.071       7.198            
-72.064       7.323            
-72.359       7.568            
-72.091       7.903            
-71.915       8.105            
-71.795       8.195            
-71.208       8.571            
-71.081       8.661            
-70.515       9.014            
-70.358       9.139            
-70.081       9.388            
-69.875       9.582            
-69.696       9.797            
-69.511       9.976            