> AF-AN
0.443       -54.451                   
3.025       -53.651                   
3.369       -53.834                   
3.956       -54.127                   
4.827       -54.162                   
5.084       -54.309                   
6.625       -53.814                   
7.237       -54.101                   
9.993       -52.792                   
10.542      -53.065                   
12.895      -51.963                   
13.204      -52.141                   
14.463      -51.997                   
15.822      -51.787                   
16.907      -52.169                   
17.806      -52.467                   
18.712      -52.553                   
19.994      -52.817                   
21.25       -52.909                   
22.504      -53.051                   
23.021      -53.2                     
23.886      -53.309                   
24.685      -53.422                   
> AN-AF
32.126      -47                       
30.705      -49.011                   
28.111      -52.904                   
27.479      -52.771                   
27.37       -52.673                   
27.322      -52.547                   
25.987      -53.582                   
25.861      -53.48                    
25.647      -53.41                    
25.18       -53.444                   
> SO-AN
32.126      -47                       
33.54       -46.346                   
33.818      -45.979                   
33.982      -46.081                   
34.087      -46.09                    
34.267      -46.212                   
34.504      -46.222                   
35.014      -45.106                   
35.182      -44.855                   
35.66       -44.866                   
35.973      -44.961                   
36.303      -44.966                   
36.677      -44.92                    
37.085      -44.804                   
37.508      -44.875                   
38.338      -44.055                   
39.459      -43.286                   
40.506      -43.438                   
41.812      -42.655                   
42.873      -40.85                    
44.023      -40.671                   
44.716      -40.369                   
45.332      -40.109                   
46.244      -38.87                    
47.135      -38.764                   
48.017      -38.478                   
48.633      -38.014                   
49.037      -37.792                   
49.962      -37.597                   
50.827      -37.451                   
51.555      -37.442                   
52.338      -36.162                   
52.902      -36.153                   
53.471      -35.517                   
54.255      -34.542                   
55.301      -34.287                   
55.738      -33.653                   
56.401      -33.627                   
57.153      -31.771                   
57.8        -31.722                   
58.53       -31.055                   
59.188      -30.567                   
60.005      -30.561                   
60.747      -30.014                   
60.81       -28.931                   
61.518      -28.777                   
62.135      -28.49                    
62.703      -28.153                   
63.194      -28.021                   
63.604      -27.831                   
64.467      -27.817                   
65.348      -27.514                   
66.373      -27.281                   
67.156      -26.867                   
67.433      -26.572                   
67.979      -26.291                   
68.598      -26.121                   
68.829      -26.009                   
69.138      -25.784                   
69.49       -25.676                   
> SO-IN
58.239      12.745                    
57.868      13.002                    
57.81       13.451                    
57.689      13.523                    
57.478      13.643                    
57.299      13.772                    
57.14       13.848                    
57.037      14.068                    
56.903      14.141                    
56.819      14.302                    
> AU-SO
67.811      -7.253                    
67.642      -8.027                    
67.09       -9.27                     
66.46       -10.35                    
66.167      -11.21                    
65.698      -12.019                   
66.033      -12.426                   
65.821      -13.268                   
65.928      -13.979                   
66.208      -14.339                   
66.488      -14.698                   
66.888      -15.27                    
67.29       -15.821                   
67.033      -16.139                   
65.007      -18.058                   
65.264      -18.443                   
65.522      -18.828                   
66.033      -19.577                   
66.751      -19.87                    
67.31       -20.073                   
67.768      -20.28                    
68.213      -20.291                   
68.277      -20.878                   
68.653      -21.449                   
68.797      -22.387                   
69.162      -22.83                    
69.558      -23.373                   
69.402      -24.04                    
69.68       -24.369                   
69.592      -24.97                    
> EU-AF
-29.77      39.4                      
-29.335     39.315                    
-29.297     39.255                    
-28.895     39.412                    
-28.853     39.373                    
-28.781     39.299                    
-28.745     39.263                    
-28.686     39.214                    
-28.666     39.179                    
-28.484     39.156                    
-28.452     39.134                    
-28.42      39.093                    
-28.396     39.058                    
-28.365     39.02                     
-28.342     38.993                    
-27.955     39.004                    
-27.793     39                        
-27.722     38.942                    
-27.68      38.914                    
-27.606     38.863                    
-27.559     38.836                    
-27.484     38.782                    
-27.239     38.78                     
-27.203     38.7                      
-27.174     38.666                    
-27.129     38.607                    
-27.09      38.571                    
-27.029     38.491                    
-27.007     38.464                    
-26.941     38.4                      
-26.901     38.36                     
-26.718     38.42                     
-26.647     38.358                    
-26.614     38.324                    
-26.532     38.255                    
-26.494     38.222                    
-26.417     38.149                    
-26.379     38.116                    
-26.302     38.047                    
-26.171     38.036                    
-26.075     37.965                    
-26.043     37.936                    
-25.808     37.878                    
-25.734     37.816                    
-25.698     37.79                     
-25.538     37.818                    
-25.464     37.752                    
-25.427     37.718                    
-25.267     37.769                    
-24.983     37.644                    
-24.931     37.609                    
-24.892     37.584                    
-24.845     37.552                    
-24.816     37.533                    
-24.775     37.5                      
-24.733     37.467                    
-24.667     37.411                    
-24.702     37.352                    
-24.738     37.273                    
-24.75      37.217                    
-24.681     37.127                    
-24.635     37.095                    
-24.554     37.017                    
-24.5       36.971                    
-24.434     36.91                     
-24.385     36.863                    
-24.311     36.792                    
-24.146     36.789                    
-24.046     36.755                    
-15.387     37.212                    
> IN-SO
56.919      9.971                     
56.978      9.857                     
57.029      9.857                     
57.261      9.681                     
57.491      9.942                     
58.018      9.45                      
58.148      9.09                      
58.251      8.647                     
58.611      8.401                     
58.88       8.097                     
59.22       7.673                     
59.7        7.312                     
60.038      6.767                     
60.67       6.31                      
61.142      5.91                      
61.529      5.262                     
62          4.911                     
62.457      4.523                     
62.868      3.893                     
63.388      3.7                       
63.89       3.602                     
64.682      3.299                     
65.489      3.299                     
65.963      2.971                     
65.992      2.052                     
66.333      1.859                     
66.493      1.331                     
66.657      0.722                     
66.839      -0.039                    
67.023      -0.578                    
67.367      -1.44                     
67.788      -2.088                    
67.892      -2.888                    
68.27       -3.351                    
68.349      -4.118                    
68.199      -5.042                    
67.782      -6.259                    
> NA-AF
-46.766     15.451                    
-46.648     16.019                    
-46.589     16.607                    
-46.498     17.087                    
-46.52      17.588                    
-46.318     18.421                    
-46.184     18.932                    
-46.093     19.377                    
-45.94      19.802                    
-45.557     20.596                    
-45.515     21.247                    
-45.248     21.806                    
-45.157     22.39                     
-45.024     22.963                    
-46.476     23.917                    
-46.119     24.59                     
-45.499     25.192                    
-45.296     25.637                    
-44.899     26.055                    
-44.867     26.28                     
-44.687     26.767                    
-44.383     27.236                    
-44.203     27.671                    
-43.942     28.105                    
-43.483     28.802                    
-43.037     29.471                    
-42.136     29.973                    
-41.786     30.606                    
-41.184     31.194                    
-40.553     31.802                    
-40.129     32.444                    
-39.586     33.067                    
-37.798     33.501                    
-37.533     33.705                    
-37.245     34.124                    
-36.862     34.554                    
-36.623     34.693                    
-34.746     35.01                     
-34.335     35.616                    
-34.057     36.071                    
-33.772     36.185                    
-33.313     36.691                    
-33.005     36.916                    
-32.708     37.033                    
-32.395     37.137                    
-31.516     37.282                    
-31.071     37.68                     
-30.43      38.388                    
-30.171     38.888                    
-29.909     39.387                    
> AF-SA
-45.13      15.267                    
-45.136     14.647                    
-45.142     14.026                    
-45.061     13.992                    
-45.049     13.336                    
-44.262     12.626                    
-43.884     12.085                    
-43.903     11.506                    
-41.087     10.787                    
-40.861     9.973                     
-40.64      9.373                     
-40.12      8.815                     
-38.221     8.14                      
-36.865     7.654                     
-36.058     7.363                     
-35.367     6.935                     
-33.624     6.618                     
-33.514     6.076                     
-32.978     5.647                     
-32.92      4.804                     
-30.962     4.061                     
-30.887     3.255                     
-30.811     2.449                     
-30.027     1.607                     
-26.474     1.159                     
-25.029     0.614                     
-24.821     -0.245                    
-16.498     0.299                     
-16.037     -0.52                     
-15.565     -1.073                    
-13.158     -0.915                    
-12.93      -1.507                    
-12.164     -1.945                    
-11.999     -2.4                      
-11.834     -2.855                    
-12.029     -3.013                    
-11.898     -3.493                    
-12.097     -4.103                    
-12.144     -4.609                    
-11.604     -4.942                    
-11.167     -5.377                    
-11.267     -6.02                     
-13.621     -7.367                    
-13.489     -7.889                    
-13.191     -8.374                    
-13.248     -9.276                    
-13.315     -9.825                    
-13.174     -10.623                   
-15.006     -11.885                   
-14.861     -12.32                    
-14.55      -12.577                   
-14.6       -13.266                   
-14.539     -13.737                   
-13.643     -14.035                   
-13.435     -14.849                   
-13.384     -15.688                   
-14.302     -16.433                   
-14.369     -16.777                   
-14.224     -17.386                   
-12.96      -17.79                    
-12.86      -18.287                   
-12.477     -18.747                   
-12.37      -19.341                   
-11.945     -19.825                   
-11.971     -20.299                   
-12.007     -21.209                   
-11.936     -21.752                   
-12.91      -22.379                   
-13.829     -22.829                   
-13.57      -23.514                   
-13.426     -24.146                   
-13.811     -24.887                   
-14.049     -25.738                   
-13.69      -26.564                   
-13.482     -27.443                   
-12.746     -28.213                   
-13.99      -29.251                   
-13.716     -29.828                   
-13.543     -30.491                   
-13.499     -31.179                   
-13.371     -31.661                   
-14.523     -32.4                     
-14.446     -32.898                   
-14.702     -33.569                   
-15.274     -34.238                   
-15.266     -34.77                    
-17.703     -35.663                   
-17.419     -36.068                   
-17.44      -36.562                   
-17.333     -36.944                   
-17.533     -37.472                   
-17.388     -38.025                   
-16.799     -38.401                   
-16.361     -38.558                   
-16.044     -38.883                   
-15.965     -39.352                   
-16.415     -39.79                    
-16.867     -40.366                   
-16.817     -40.79                    
-16.744     -41.176                   
-16.678     -41.519                   
-16.332     -41.806                   
-16.215     -42.338                   
-16.43      -42.868                   
-16.33      -43.387                   
-16.244     -43.683                   
-16.086     -44.132                   
-15.924     -44.58                    
-15.76      -45.028                   
-14.894     -45.371                   
-13.81      -45.797                   
-13.571     -46.688                   
-10.483     -47.126                   
-10.296     -47.649                   
-10.104     -48.172                   
-9.909      -48.694                   
-8.139      -48.961                   
-7.961      -49.27                    
-7.433      -50.001                   
-5.169      -50.216                   
-4.943      -50.675                   
-4.713      -51.133                   
-4.478      -51.591                   
-3.956      -51.979                   
-3.447      -52.764                   
-2.92       -53.547                   
-1.382      -54.053                   
-0.915      -54.453                   
> AU-AN
69.96       -25.651                   
70.665      -25.912                   
71.135      -26.083                   
71.717      -26.386                   
72.008      -26.718                   
72.463      -27.146                   
73.123      -27.446                   
73.534      -27.57                    
73.968      -27.944                   
74.192      -28.541                   
74.592      -28.903                   
74.938      -29.328                   
75.364      -30.006                   
75.393      -30.24                    
75.797      -30.573                   
76.148      -30.97                    
76.395      -31.719                   
76.812      -32.09                    
77.233      -32.459                   
77.658      -32.828                   
77.352      -33.838                   
77.917      -34.324                   
78.442      -34.842                   
78.201      -35.683                   
78.69       -36.098                   
78.021      -37.483                   
78.182      -38.393                   
78.073      -39.005                   
78.002      -39.539                   
77.825      -40.326                   
78.484      -40.866                   
78.659      -40.872                   
79.319      -41.384                   
80.932      -41.13                    
81.752      -41.722                   
82.588      -42.309                   
85.859      -40.834                   
86.402      -41.129                   
86.95       -41.421                   
87.502      -41.71                    
88.488      -41.686                   
89.011      -41.944                   
89.537      -42.2                     
90.068      -42.454                   
90.603      -42.705                   
91.142      -42.953                   
91.686      -43.199                   
92.234      -43.443                   
92.786      -43.684                   
93.343      -43.922                   
93.904      -44.157                   
94.47       -44.39                    
94.926      -44.805                   
95.806      -45.141                   
95.842      -46.52                    
96.458      -46.772                   
97.08       -47.02                    
97.707      -47.265                   
98.34       -47.506                   
98.979      -47.744                   
100.202     -47.266                   
100.817     -47.465                   
101.436     -47.661                   
102.06      -47.853                   
102.688     -48.042                   
103.321     -48.228                   
103.959     -48.409                   
104.601     -48.588                   
105.247     -48.762                   
105.898     -48.933                   
106.692     -48.841                   
107.486     -49.015                   
108.24      -49.259                   
109.351     -49.523                   
110.472     -49.779                   
110.868     -49.829                   
111.129     -49.8                     
111.363     -49.93                    
111.666     -50.084                   
112.967     -50.2                     
114.362     -49.878                   
115.5       -49.974                   
116.256     -49.54                    
116.635     -49.271                   
117.523     -49.62                    
118.194     -49.865                   
118.547     -49.802                   
119.366     -49.938                   
120.842     -48.89                    
121.437     -49.62                    
121.866     -49.736                   
122.224     -49.846                   
122.553     -49.812                   
122.797     -49.729                   
123.013     -49.542                   
123.771     -49.122                   
124.007     -48.906                   
124.213     -48.848                   
124.607     -48.984                   
124.992     -49.153                   
125.125     -49.358                   
125.262     -49.598                   
126.434     -48.63                    
126.861     -48.698                   
127.143     -49.976                   
128.312     -50.159                   
129.412     -50.348                   
130.569     -50.525                   
131.515     -50.222                   
132.261     -50.223                   
133.465     -50.306                   
134.245     -50.347                   
135.026     -50.384                   
135.246     -50.209                   
136.226     -50.248                   
136.946     -50.22                    
137.7       -50.234                   
138.401     -50.231                   
139.11      -50.256                   
139.813     -51.838                   
140.659     -53.885                   
141.451     -54.053                   
142.25      -54.215                   
143.778     -54.234                   
144.282     -54.799                   
145.401     -54.756                   
147.902     -57.566                   
148.076     -57.527                   
150.006     -59.57                    
151.29      -60.413                   
152.473     -60.176                   
156.457     -62.914                   
157.97      -62.478                   
159.44      -62.026                   
160.865     -61.559                   
> AN-NZ
-77.661     -45.761                   
-77.764     -45.589                   
-77.99      -45.092                   
-81.935     -44.964                   
-82.138     -44.404                   
-82.351     -43.639                   
-83.448     -42.981                   
-83.454     -42.873                   
-83.604     -42.222                   
-83.716     -41.674                   
-87.336     -41.521                   
-90.054     -41.432                   
-91.391     -41.103                   
-91.476     -40.732                   
-91.512     -40.282                   
-91.548     -39.833                   
-91.604     -39.349                   
-93.022     -38.967                   
-93.996     -38.482                   
-94.093     -37.717                   
-97.413     -36.871                   
-108.797    -35.132                   
> PA-AN
163.202     -62.66                    
163.773     -62.475                   
164.275     -62.322                   
164.768     -62.177                   
166.858     -63.221                   
173.631     -64.738                   
174.242     -64.508                   
174.814     -64.315                   
175.162     -64.174                   
-178.793    -66.163                   
-177.926    -65.862                   
-177.072    -65.607                   
-174.418    -65.835                   
-173.709    -65.506                   
-172.517    -64.978                   
-170.043    -64.858                   
-169.839    -64.764                   
-169.109    -64.245                   
-168.379    -63.73                    
-167.513    -63.106                   
-163.921    -63.467                   
-163.001    -62.967                   
-160.43     -62.923                   
-158.703    -63.004                   
-156.717    -63.324                   
-156.022    -62.952                   
-155.254    -62.433                   
-154.181    -61.836                   
-153.661    -61.399                   
-152.943    -60.841                   
-152.119    -60.158                   
-150.382    -59.718                   
-149.809    -59.314                   
-149.264    -58.822                   
-148.276    -58.13                    
-147.167    -57.638                   
-146.681    -57.308                   
-145.979    -56.669                   
-145.412    -56.228                   
-140.325    -57.053                   
-140.041    -56.772                   
-139.545    -56.268                   
-139.578    -55.615                   
-139.253    -55.251                   
-138.799    -54.712                   
-138.338    -54.141                   
-136.59     -53.907                   
-127.231    -55.565                   
-121.862    -56.026                   
-121.635    -55.832                   
-121.228    -55.219                   
-118.581    -54.819                   
-118.313    -54.35                    
-118.037    -53.691                   
-118.977    -52.897                   
-118.875    -52.752                   
-118.422    -52.212                   
-118.12     -51.772                   
-117.824    -51.331                   
-117.522    -50.875                   
-117.225    -50.418                   
-116.802    -49.893                   
-113.875    -49.849                   
-113.745    -49.357                   
-113.528    -48.841                   
-113.315    -48.324                   
-113.131    -47.773                   
-112.95     -47.222                   
-112.685    -46.539                   
-112.675    -45.833                   
-112.55     -45.494                   
-112.381    -44.938                   
-112.216    -44.381                   
-111.971    -43.774                   
-111.73     -43.166                   
-111.538    -42.683                   
-110.954    -42.249                   
-110.832    -41.355                   
-110.754    -40.76                    
-110.677    -40.164                   
-110.533    -39.575                   
-111.27     -38.979                   
-111.268    -38.878                   
-111.067    -38.276                   
-110.869    -37.674                   
-110.668    -37.042                   
-110.739    -36.358                   
-110.715    -36.219                   
-110.895    -35.797                   
-110.877    -35.319                   
> AN-SA
-0.438      -54.852                   
-1.606      -55.129                   
-4.691      -55.807                   
-4.675      -56.21                    
-6.057      -56.672                   
-6.094      -56.982                   
-6.999      -57.318                   
-7.013      -57.617                   
-15.972     -58.439                   
-16.005     -58.459                   
-16.226     -58.767                   
-18.06      -59.153                   
-18.433     -59.542                   
-18.547     -59.938                   
-19.371     -60.289                   
> KE-AU
-177.793    -25.976                   
-178.017    -26.767                   
-178.248    -27.376                   
-178.713    -28.693                   
-179.226    -30.355                   
-179.393    -30.997                   
-179.515    -31.333                   
-179.74     -31.751                   
179.98      -32.347                   
179.657     -33.019                   
179.345     -33.602                   
178.681     -34.786                   
178.403     -35.161                   
177.89      -35.917                   
> PA-NI
-176.346    -14.634                   
-175.865    -14.478                   
-175.309    -14.407                   
> AU-WL
151.654     -9.76                     
> CA-NA
-81.754     18.865                    
-81.689     18.333                    
> CO-PA
-105.586    17.881                    
-105.399    17.768                    
-105.367    17.031                    
-105.398    16.26                     
-105.357    15.558                    
-104.69     15.274                    
-104.563    14.672                    
-104.437    14.07                     
-104.181    13.328                    
-103.927    12.587                    
-103.875    11.872                    
-103.807    11.405                    
-103.739    10.937                    
-103.628    10.275                    
-104.296    10.017                    
-104.296    9.175                     
-104.258    8.456                     
-102.961    8.4                       
-102.81     7.791                     
-102.659    7.182                     
-102.558    6.355                     
-102.457    5.529                     
-102.32     4.653                     
-102.259    3.751                     
-102.199    3.458                     
> CO-NZ
-99.739     2.269                     
-99.657     2.19                      
-98.889     2.213                     
-98.367     2.145                     
-97.846     2.077                     
-97.585     1.898                     
-96.88      1.886                     
-96.12      2.238                     
-95.198     2.507                     
-94.404     2.44                      
-93.611     2.372                     
-92.928     2.3                       
-92.245     2.227                     
-92.118     1.99                      
-91.561     1.817                     
-90.663     1.12                      
-89.784     1.073                     
-88.904     1.025                     
-88.024     0.977                     
-87.145     0.929                     
-86.266     0.88                      
-85.349     1.644                     
-84.467     3.112                     
-83.923     3.139                     
-83.378     3.165                     
> NA-EU
-15.716     69.55                     
-15.425     69.84                     
-15.024     70.169                    
-14.448     70.354                    
-14.237     70.517                    
-14.036     70.726                    
-12.255     70.563                    
-12.009     70.706                    
-11.669     70.876                    
-12.359     71.252                    
-12.106     71.396                    
-11.714     71.588                    
-7.375      71.125                    
-6.9        71.282                    
-6.333      71.387                    
-5.917      71.465                    
-4.741      71.333                    
-4.36       71.432                    
-3.692      71.398                    
-2.937      71.5                      
-2.399      71.592                    
-1.743      71.685                    
-0.975      71.815                    
-0.392      71.91                     
0.281       72.015                    
0.901       72.134                    
1.991       72.328                    
2.781       72.433                    
3.609       72.58                     
4.3         72.697                    
4.97        72.821                    
5.586       72.924                    
6.055       73.019                    
6.782       73.145                    
7.071       73.203                    
7.391       73.252                    
7.791       73.371                    
8.15        73.427                    
8.386       73.485                    
8.652       73.534                    
8.838       73.628                    
8.957       73.706                    
9.037       73.758                    
9.14        73.882                    
9.203       73.979                    
9.208       74.096                    
9.153       74.233                    
9.133       74.377                    
8.984       74.543                    
8.781       74.763                    
8.63        74.946                    
8.46        75.076                    
8.212       75.188                    
7.946       75.382                    
7.842       75.527                    
7.603       75.729                    
7.593       75.981                    
7.515       76.117                    
7.48        76.279                    
7.557       76.431                    
7.563       76.602                    
7.615       76.799                    
7.622       76.969                    
7.672       77.148                    
7.809       77.479                    
7.88        77.712                    
7.771       77.911                    
7.827       78.09                     
3.432       79.03                     
3.901       79.228                    
-2.341      80.37                     
-3.364      80.792                    
-2.779      80.993                    
-4.641      81.37                     
-4.152      81.552                    
-3.909      81.62                     
-5.033      81.913                    
-4.537      82.05                     
-3.796      82.29                     
-5.01       82.519                    
-7.212      82.868                    
-6.234      83                        
-5.154      83.249                    
-4.148      83.43                     
-3.204      83.57                     
-2.363      83.69                     
-1.206      83.864                    
-0.469      83.996                    
0.405       84.102                    
1.301       84.223                    
2.235       84.343                    
3.024       84.462                    
3.848       84.561                    
4.508       84.57                     
5.177       84.632                    
6.665       84.762                    
8.134       84.898                    
9.809       84.958                    
10.659      85.067                    
11.704      85.137                    
13.242      85.281                    
14.666      85.38                     
16.063      85.485                    
17.89       85.591                    
19.285      85.684                    
21.343      85.799                    
23.347      85.817                    
25.383      85.859                    
27.427      85.867                    
28.143      85.874                    
29.229      85.81                     
30.972      85.908                    
33.34       86.053                    
35.607      86.161                    
38.301      86.291                    
41.756      86.432                    
43.479      86.496                    
46.063      86.598                    
47.523      86.641                    
50.77       86.706                    
54.561      86.746                    
58.018      86.787                    
61.506      86.805                    
62.463      86.755                    
66.301      86.606                    
68.208      86.306                    
70.926      86.203                    
72.984      86.106                    
75.029      85.989                    
76.326      85.917                    
78.403      85.768                    
81.103      85.639                    
83.143      85.556                    
84.802      85.5                      
86.802      85.418                    
88.486      85.346                    
89.98       85.296                    
92.313      85.229                    
94.155      85.155                    
95.839      85.102                    
97.273      85.028                    
98.568      84.96                     
99.444      84.911                    
102.918     84.664                    
103.943     84.578                    
105.302     84.485                    
106.759     84.369                    
107.709     84.295                    
108.939     84.194                    
109.727     84.11                     
110.959     83.965                    
111.974     83.824                    
112.843     83.674                    
113.723     83.512                    
114.558     83.321                    
115.258     83.151                    
115.793     83.014                    
116.582     82.74                     
117.171     82.539                    
117.755     82.298                    
119.1       82.087                    
119.984     81.595                    
121.004     81.115                    
121.898     80.643                    
122.639     80.206                    
123.408     79.759                    
125.188     78.99                     
-29.77      39.4                      
-29.609     39.993                    
-29.613     40.033                    
-29.58      40.079                    
-29.656     40.107                    
-29.64      40.208                    
-29.631     40.285                    
-29.598     40.383                    
-29.569     40.47                     
-29.577     40.549                    
-29.346     40.57                     
-29.3       40.705                    
-29.278     40.871                    
-29.256     40.985                    
-29.242     41.126                    
-29.322     41.247                    
-29.292     41.385                    
-29.245     41.52                     
-29.206     41.683                    
-29.2       41.8                      
-29.261     41.929                    
-29.242     42.083                    
-29.245     42.175                    
-29.223     42.237                    
-29.435     42.291                    
-29.392     42.413                    
-29.37      42.527                    
-29.339     42.613                    
-29.318     42.674                    
-29.372     42.724                    
-29.349     42.838                    
-29.327     42.951                    
-29.317     43.028                    
-29.174     43.08                     
-29.091     43.208                    
-29.008     43.389                    
-28.934     43.493                    
-28.885     43.628                    
-28.84      43.698                    
-28.524     43.768                    
-28.513     43.845                    
-28.481     43.931                    
-28.483     44.023                    
-28.455     44.096                    
-28.436     44.145                    
-28.367     44.184                    
-28.32      44.307                    
-28.282     44.405                    
-28.257     44.518                    
-28.215     44.628                    
-28.168     44.75                     
-28.144     44.812                    
-28.142     44.864                    
-28.157     44.92                     
-28.139     44.968                    
-28.115     45.03                     
-28.1       45.066                    
-27.994     45.098                    
-27.988     45.163                    
-27.986     45.215                    
-27.979     45.28                     
-27.937     45.337                    
-27.935     45.39                     
-27.938     45.43                     
-27.871     45.456                    
-27.862     45.48                     
-27.864     45.521                    
-27.825     45.526                    
-27.795     45.599                    
-27.773     45.7                      
-27.759     45.829                    
-27.699     45.883                    
-27.697     45.936                    
-27.602     45.983                    
-27.585     46.072                    
-27.572     46.149                    
-27.512     46.203                    
-27.489     46.304                    
-27.487     46.356                    
-27.472     46.485                    
-27.446     46.638                    
-27.444     46.691                    
-27.378     46.757                    
-27.377     46.849                    
-27.347     46.922                    
-27.334     46.999                    
-27.382     47.114                    
-27.441     47.205                    
-27.474     47.264                    
-27.461     47.341                    
-27.458     47.393                    
-27.464     47.473                    
-27.443     47.522                    
-27.448     47.602                    
-27.564     47.651                    
-27.59      47.775                    
-27.622     47.886                    
-27.635     47.994                    
-27.654     48.09                     
-27.704     48.205                    
-27.712     48.325                    
-27.731     48.421                    
-27.749     48.517                    
-28.011     48.605                    
-28.035     48.688                    
-28.087     48.803                    
-28.162     48.909                    
-28.206     48.996                    
-28.263     49.099                    
-28.317     49.161                    
-28.353     49.22                     
-28.426     49.286                    
-28.452     49.369                    
-28.486     49.481                    
-28.545     49.583                    
-28.818     49.657                    
-28.869     49.731                    
-28.895     49.815                    
-28.96      49.905                    
-28.987     49.988                    
-28.995     50.068                    
-29.022     50.152                    
-29.126     50.195                    
-29.198     50.221                    
-29.322     50.32                     
-29.427     50.416                    
-29.508     50.469                    
-29.537     50.5                      
-29.662     50.598                    
-29.768     50.694                    
-29.831     50.743                    
-29.875     50.79                     
-29.909     50.861                    
-29.942     50.931                    
-29.982     50.99                     
-29.976     51.107                    
-30.001     51.254                    
-29.996     51.424                    
-30.001     51.62                     
-30.006     51.765                    
-30.011     51.857                    
-30.036     51.953                    
-31.268     52.109                    
-31.253     52.263                    
-31.265     52.343                    
-35.138     52.705                    
-35.156     52.861                    
-35.161     52.99                     
-35.184     53.134                    
-35.325     53.238                    
-35.282     53.388                    
-35.257     53.475                    
-35.452     53.546                    
-35.395     53.668                    
-35.327     53.828                    
-35.27      53.951                    
-35.201     54.111                    
-35.147     54.22                     
-35.488     54.331                    
-35.412     54.516                    
-35.365     54.678                    
-35.289     54.786                    
-35.274     54.913                    
-35.339     54.996                    
-35.251     55.141                    
-35.173     55.326                    
-35.08      55.484                    
-34.972     55.691                    
-34.901     55.774                    
-34.638     55.812                    
-34.62      55.939                    
-34.558     56.061                    
-34.51      56.21                     
-34.493     56.337                    
-34.46      56.436                    
-34.346     56.502                    
-34.321     56.577                    
-34.247     56.659                    
-34.072     56.739                    
-34.043     56.78                     
-34.004     56.827                    
-33.587     56.875                    
-33.566     57.001                    
-33.535     57.088                    
-33.509     57.162                    
-33.203     57.285                    
-33.07      57.451                    
-33.01      57.548                    
-32.964     57.608                    
-32.806     57.642                    
-32.708     57.773                    
-32.619     57.88                     
-32.492     57.957                    
-32.28      57.998                    
-32.123     58.148                    
-31.983     58.249                    
-31.872     58.34                     
-31.8       58.397                    
-31.556     58.447                    
-31.427     58.574                    
-31.303     58.69                     
-31.178     58.805                    
-31.039     58.892                    
-30.791     58.941                    
-30.647     59.092                    
-30.453     59.238                    
-30.306     59.39                     
-30.163     59.529                    
-30.043     59.618                    
-29.85      59.751                    
-29.636     59.868                    
-29.507     59.969                    
> PA-JF
-127.579    40.45                     
-127.717    40.573                    
-127.639    41.081                    
-127.446    41.555                    
-127.401    41.64                     
-127.241    41.692                    
-127.039    42.357                    
-130.48     44.589                    
-130.367    44.93                     
-130.069    45.285                    
-130.187    45.414                    
-129.936    45.736                    
-130.073    45.943                    
-130.051    46.196                    
-129.917    46.229                    
-129.572    46.402                    
-129.259    47.065                    
-129.19     47.835                    
-128.94     48.324                    
-129.147    48.476                    
-130.501    49.479                    
-130.162    49.983                    
-130.3      50.055                    
-130.329    50.298                    
-130.254    50.465                    
-130.753    50.908                    
-131.074    51.185                    
> NA-PA
-113.758    29.834                    
-111.382    27.497                    
-111.373    27.105                    
-110.68     26.361                    
-109.806    25.557                    
-109.062    24.658                    
-108.357    23.614                    
-108.01     22.986                    
> NA-SA
-55.484     17.784                    
-54.853     17.309                    
-54.155     17.136                    
-53.46      16.956                    
-52.881     16.761                    
-52.304     16.567                    
-51.661     16.321                    
-51.024     16.073                    
-50.467     15.87                     
-49.803     15.983                    
-49.207     16.035                    
-48.515     16.013                    
-47.693     15.957                    
-47.398     15.804                    
> NZ-PA
-102.319    -0.015                    
-102.397    -0.503                    
-102.399    -1.283                    
-102.307    -1.596                    
-102.621    -1.906                    
-102.687    -2.436                    
-102.566    -2.936                    
-102.571    -3.435                    
-104.539    -3.844                    
-105.38     -4.078                    
-106.253    -4.494                    
-106.45     -5.043                    
-106.741    -5.62                     
-106.845    -6.016                    
-107.441    -6.367                    
-107.607    -6.759                    
-107.653    -7.186                    
-107.88     -7.514                    
-108.063    -8.24                     
-108.192    -8.357                    
-109.756    -8.925                    
-110.071    -9.665                    
-110.218    -10.08                    
-110.447    -10.822                   
-110.485    -11.394                   
-110.675    -11.472                   
-110.926    -11.968                   
-110.892    -12.755                   
-111.191    -13.396                   
-112.426    -13.386                   
-112.439    -13.865                   
-112.581    -14.062                   
-112.766    -14.704                   
-112.869    -15.248                   
-112.973    -15.792                   
-112.973    -16.361                   
-113.041    -16.683                   
-113.117    -17.065                   
-113.174    -17.538                   
-113.264    -18.008                   
-113.383    -18.444                   
-113.364    -18.777                   
-113.498    -19.301                   
-113.697    -19.968                   
-113.796    -20.321                   
-113.931    -20.574                   
-114.087    -20.599                   
-114.229    -21.121                   
-114.318    -21.564                   
-114.379    -21.627                   
> NI-FT
-176.346    -14.634                   
-176.339    -14.78                    
-176.462    -15.419                   
-176.526    -15.489                   
> NI-AU
-177.248    -15.71                    
-177.384    -15.807                   
-177.493    -15.899                   
-177.575    -15.961                   
-177.634    -16.024                   
-176.532    -17.574                   
-176.462    -17.731                   
-176.403    -17.873                   
-176.304    -18.055                   
-176.297    -18.131                   
-176.33     -18.267                   
-176.346    -18.307                   
-176.44     -18.472                   
-176.511    -18.6                     
-176.551    -18.685                   
-176.584    -18.768                   
-176.587    -18.836                   
-176.57     -18.975                   
> TO-NI
-173.836    -14.534                   
-173.905    -14.629                   
-174.007    -14.767                   
-174.077    -14.895                   
-174.139    -15.015                   
-174.188    -15.133                   
-174.567    -15.25                    
-174.601    -15.936                   
-174.568    -16.052                   
-174.569    -16.201                   
-174.576    -16.354                   
> TO-AU
-175.979    -19.386                   
-176.027    -19.651                   
-176.079    -19.814                   
-176.122    -19.884                   
-176.116    -20.129                   
-176.152    -20.265                   
-176.159    -20.423                   
-176.176    -20.494                   
-176.19     -20.655                   
-176.237    -20.796                   
-176.264    -20.891                   
-176.289    -21                       
-176.322    -21.113                   
-176.372    -21.301                   
-176.405    -21.487                   
-176.449    -21.601                   
-176.52     -21.812                   
-176.601    -22.007                   
-176.635    -22.231                   
-176.691    -22.286                   
-176.709    -22.5                     
-176.748    -22.735                   
-176.913    -23.048                   
> SC-AN
-53.122     -61.037                   
-52.068     -60.753                   
-51.119     -60.572                   
> AS-AT
29.731      35.427                    
29.389      35.728                    
29.137      35.97                     
> PA-NA
-108.676    21.96                     
-108.589    22.102                    
-108.516    22.201                    
-108.527    22.277                    
-108.407    22.44                     
-108.273    22.613                    
> RI-PA
-108.582    21.905                    
-108.669    21.774                    
-108.784    21.643                    
-108.868    21.536                    
-108.936    21.451                    
-108.809    21.253                    
-108.915    21.068                    
-109.013    20.949                    
-109.111    20.824                    
-109.194    20.739                    
-109.261    20.643                    
-109.187    20.5                      
-109.215    20.397                    
-109.319    20.242                    
-109.378    20.176                    
-109.373    20.142                    
-108.903    19.625                    
-108.198    19.223                    
-106.244    18.52                     
-106.281    18.281                    
-106.311    18.12                     
-106.318    18.016                    
> SU-BU
95.505      12.918                    
95.155      12.053                    
94.807      11.188                    
94.415      10.679                    
94.883      7.139                     
> EU-NA
-15.716     69.55                     
-16.034     69.265                    
-16.263     69.038                    
-17.154     68.865                    
-17.392     68.7                      
-17.829     68.4                      
-18.22      68.066                    
-18.49      67.738                    
-18.756     67.443                    
-18.118     66.934                    
-17.473     66.685                    
-16.507     66.203                    
-16.656     65.943                    
-16.859     65.677                    
-17.025     65.379                    
-17.141     64.995                    
-17.368     64.737                    
-17.822     64.489                    
-18.626     64.182                    
-19.041     63.985                    
-21.298     64.067                    
-22.066     63.922                    
-22.537     63.836                    
-22.872     63.767                    
-23.33      63.651                    
-23.487     63.568                    
-23.74      63.474                    
-24.01      63.355                    
-24.255     63.23                     
-24.519     63.11                     
-24.721     62.992                    
-24.888     62.924                    
-25.035     62.8                      
-25.156     62.71                     
-25.449     62.62                     
-25.643     62.503                    
-25.875     62.375                    
-26.107     62.237                    
-26.309     62.105                    
-26.527     61.939                    
-26.768     61.825                    
-27.032     61.665                    
-27.226     61.532                    
-27.389     61.398                    
-27.582     61.252                    
-27.854     61.066                    
-28.024     60.956                    
-28.192     60.848                    
-28.408     60.704                    
-28.642     60.566                    
-28.829     60.419                    
-29.028     60.34                     
-29.118     60.273                    
-29.225     60.168                    
> IN-AU
68.274      -6.811                    
69.007      -6.538                    
69.806      -6.445                    
70.292      -6.474                    
70.786      -6.502                    
71.313      -6.599                    
71.834      -6.696                    
72.355      -6.867                    
72.884      -7.038                    
73.392      -7.039                    
73.544      -6.191                    
73.883      -4.307                    
74.358      -4.411                    
74.833      -4.514                    
75.518      -4.776                    
76.203      -5.038                    
> PA-AU 
159.318     -53.598                   
> YA-ON
124.148     25.07                     
> AM-ON
132.269     31.257                    
132.581     30.991                    
> CL-PS
133.989     6.333                     
133.674     6.156                     
133.429     5.962                     
133.308     5.734                     
133.24      5.349                     
133.189     5.016                     
133.032     4.788                     
132.911     4.454                     
132.79      4.12                      
132.74      3.698                     
132.795     3.312                     
132.85      2.908                     
132.817     2.539                     
132.766     2.257                     
132.734     1.728                     
132.72      1.165                     
132.651     0.812                     
> PA-CL
144.026     6.677                     
> WL-BH
138.793     -1.159                    
> NB-MN 
149.817     -3.617                    
149.913     -3.491                    
150.034     -3.372                    
150.135     -3.274                    
150.249     -3.202                    
150.352     -3.141                    
150.436     -3.093                    
> MN-SB
150.24      -3.903                    
150.32      -3.881                    
150.447     -3.857                    
150.552     -3.839                    
150.678     -3.818                    
150.793     -3.775                    
150.909     -3.724                    
150.987     -3.692                    
151.095     -3.806                    
151.222     -3.737                    
> WL-AU
151.654     -9.76                     
151.838     -9.906                    
151.918     -9.93                     
152.024     -9.942                    
152.086     -9.944                    
152.223     -10.039                   
152.413     -10.047                   
152.547     -10.056                   
152.651     -10.078                   
152.855     -10.384                   
153.174     -10.398                   
153.362     -10.398                   
153.552     -10.355                   
153.752     -10.345                   
153.847     -10.325                   
154.01      -10.341                   
154.125     -10.331                   
154.169     -10.323                   
154.218     -9.913                    
154.379     -9.872                    
154.596     -9.811                    
154.719     -9.763                    
154.856     -9.839                    
154.951     -9.835                    
155.07      -9.795                    
155.172     -9.621                    
155.291     -9.556                    
155.347     -9.532                    
155.473     -9.568                    
155.599     -9.581                    
155.708     -9.548                    
155.813     -9.572                    
155.908     -9.555                    
155.979     -9.548                    
155.989     -9.558                    
156.066     -9.405                    
156.101     -9.268                    
156.258     -9.225                    
156.35      -9.206                    
> PS-MA
143.097     11.569                    
143.082     11.792                    
143.106     12.03                     
143.143     12.265                    
143.239     12.478                    
143.403     12.695                    
143.51      12.822                    
143.662     13.058                    
143.771     13.268                    
143.871     13.541                    
143.903     13.623                    
143.942     13.811                    
143.976     14.087                    
144.216     14.656                    
144.53      14.917                    
144.799     15.653                    
144.792     16.123                    
144.841     16.478                    
144.798     16.979                    
144.97      17.535                    
144.773     17.83                     
144.706     18.02                     
144.663     18.166                    
144.626     18.359                    
144.601     18.756                    
144.543     19.073                    
144.527     19.123                    
144.252     19.725                    
144.137     19.753                    
144.083     19.858                    
143.97      20.111                    
143.575     20.397                    
143.493     20.532                    
143.392     20.728                    
143.281     20.962                    
143.321     21.061                    
143.28      21.32                     
143.218     21.659                    
143.15      21.928                    
142.997     22.139                    
142.774     22.377                    
> NH-PA
172.571     -13.411                   
172.434     -13.435                   
172.3       -13.481                   
172.163     -13.569                   
171.972     -13.678                   
171.619     -13.75                    
171.295     -14.066                   
171.181     -14.083                   
170.945     -14.093                   
170.642     -14.088                   
170.638     -13.942                   
170.15      -13.974                   
169.739     -13.953                   
169.739     -13.824                   
169.622     -13.808                   
169.456     -13.811                   
169.231     -13.8                     
169.234     -13.651                   
169.026     -13.639                   
168.792     -13.63                    
168.577     -13.602                   
> CR-NH
173.901     -16.849                   
173.88      -17.163                   
173.744     -17.49                    
173.66      -17.68                    
173.55      -17.962                   
173.409     -18.238                   
173.425     -18.52                    
173.447     -18.774                   
173.453     -18.999                   
173.439     -19.221                   
173.429     -19.43                    
173.398     -19.662                   
173.36      -19.89                    
173.335     -20.086                   
173.351     -20.377                   
173.384     -20.625                   
173.38      -20.837                   
173.383     -20.995                   
174.119     -21.148                   
174.115     -21.357                   
174.112     -21.578                   
174.056     -22.236                   
> NH-AU
173.04      -23.007                   
173.606     -22.835                   
> BR-NH
172.571     -13.411                   
172.74      -13.693                   
172.881     -13.965                   
173.019     -14.294                   
173.139     -14.51                    
173.178     -14.669                   
173.21      -14.77                    
173.259     -14.897                   
173.294     -14.993                   
173.32      -15.081                   
173.346     -15.154                   
173.359     -15.234                   
173.388     -15.361                   
173.428     -15.437                   
173.464     -15.504                   
173.516     -15.567                   
173.539     -15.605                   
173.4       -15.779                   
173.485     -15.922                   
173.531     -16.027                   
173.567     -16.151                   
173.455     -16.258                   
173.593     -16.497                   
173.669     -16.614                   
173.718     -16.713                   
173.788     -16.798                   
> AU-CR
176.184     -16.552                   
176.179     -16.67                    
176.148     -16.816                   
176.106     -16.965                   
176.065     -17.09                    
176.036     -17.239                   
175.986     -17.541                   
176.336     -17.823                   
176.342     -18.038                   
176.3       -18.14                    
176.244     -18.243                   
176.215     -18.319                   
176.212     -18.611                   
176.136     -18.732                   
176.061     -18.895                   
175.975     -19.022                   
175.922     -19.08                    
175.9       -19.162                   
175.885     -19.327                   
175.839     -19.445                   
175.772     -19.547                   
175.559     -19.755                   
175.574     -19.976                   
175.59      -20.189                   
175.828     -20.629                   
176.121     -21.166                   
> BR-AU
177.412     -16.51                    
177.345     -16.302                   
178.491     -16.092                   
178.524     -15.984                   
> PA-BR
172.571     -13.411                   
173.671     -13.517                   
173.941     -13.295                   
174.482     -13.396                   
174.661     -13.415                   
174.784     -13.395                   
175.314     -13.244                   
175.659     -13.326                   
176.021     -13.643                   
176.256     -13.672                   
176.618     -13.731                   
> FT-PA
-178.733    -13.986                   
-178.888    -14.224                   
-179.288    -14.936                   
> EA-PA
-114.421    -22.115                   
-114.505    -22.196                   
-114.498    -22.543                   
-114.875    -23.04                    
-115.183    -23.237                   
-115.599    -23.468                   
-115.424    -23.884                   
-115.402    -24.017                   
-115.912    -24.242                   
-116.184    -24.458                   
-116.225    -24.556                   
-116.49     -25.172                   
-116.353    -25.416                   
-116.028    -25.674                   
-115.769    -25.968                   
-115.518    -26.243                   
-115.291    -26.466                   
-115.105    -26.604                   
-114.526    -26.725                   
> EA-NZ
-112.976    -26.83                    
-112.684    -26.801                   
-112.658    -26.554                   
-112.683    -26.282                   
-112.672    -26.038                   
-112.55     -25.926                   
-112.455    -25.786                   
-112.437    -25.683                   
-112.364    -25.664                   
-112.366    -25.564                   
-112.388    -25.429                   
-112.443    -25.198                   
-111.978    -25.027                   
-111.977    -24.891                   
-112.048    -24.659                   
-112.103    -24.448                   
-112.123    -24.222                   
-111.713    -24.032                   
-111.763    -23.86                    
-111.832    -23.728                   
-111.864    -23.475                   
-111.871    -23.327                   
-111.741    -23.209                   
-111.924    -23.016                   
> JZ-PA
-112.023    -31.536                   
-112.041    -31.774                   
-112.063    -31.948                   
-112.065    -32.114                   
-112.356    -32.328                   
-112.415    -32.489                   
-112.418    -32.794                   
-112.442    -33.112                   
-112.46     -33.399                   
-112.604    -33.663                   
-112.628    -33.999                   
-112.562    -34.3                     
-112.417    -34.556                   
-112.187    -34.674                   
-111.756    -34.811                   
-111.399    -34.912                   
-111.126    -34.995                   
> JZ-AN
-110.827    -35.091                   
-110.527    -35.061                   
-110.326    -34.946                   
-110.141    -34.817                   
-109.919    -34.702                   
> JZ-NZ
-109.259    -34.545                   
-109.277    -34.204                   
-109.27     -33.917                   
-109.205    -33.702                   
-109.323    -33.392                   
-109.41     -33.14                    
-109.183    -33.02                    
-108.972    -32.937                   
> NZ-PA
-112.976    -26.83                    
-113.112    -27.014                   
-113.129    -27.273                   
-113.001    -27.607                   
-112.971    -27.85                    
-112.955    -28.129                   
-113.01     -28.383                   
-113.021    -28.549                   
-113.02     -28.787                   
-111.806    -29.266                   
-111.749    -29.579                   
-111.773    -30.025                   
-111.775    -30.187                   
-111.797    -30.425                   
-111.851    -30.624                   
-111.885    -30.666                   
-111.951    -31.045                   
-111.964    -31.39                    
> GP-PA
-102.068    2.635                     
-102.082    2.574                     
-102.077    2.502                     
-102.085    2.486                     
-102.085    2.412                     
-102.09     2.391                     
-102.088    2.327                     
-102.08     2.308                     
-102.075    2.161                     
-102.067    2.137                     
-102.075    2.024                     
-102.076    1.972                     
-102.104    1.904                     
-102.262    1.752                     
-102.257    1.528                     
-102.222    1.361                     
-102.243    1.349                     
-102.223    1.214                     
> GP-NZ
-102.181    1.134                     
-102.082    1.206                     
-101.959    1.269                     
-101.825    1.334                     
-101.58     1.318                     
-101.487    1.389                     
-101.423    1.338                     
-101.315    1.35                      
-101.195    1.423                     
-101.153    1.386                     
-101.074    1.514                     
-100.973    1.679                     
> GP-CO
-101.512    2.232                     
-101.49     2.605                     
-101.697    2.64                      
-101.878    2.642                     
> PA-CO
-102.068    2.635                     
-102.109    2.786                     
-102.096    2.798                     
-102.145    2.889                     
-102.193    3.072                     
> NZ-PA
-102.181    1.134                     
-102.21     0.706                     
-102.253    0.372                     
-102.294    0.157                     
> CO-NZ
-101.512    2.232                     
-101.196    2.199                     
-101.067    2.21                      
-100.644    2.204                     
-100.394    2.207                     
-100.047    2.3                       
-99.913     2.272                     
-99.811     2.273                     
> SC-SA
-33.734     -54.46                    
-33.355     -54.86                    
> SW-SC
-29.489     -55.033                   
-29.715     -55.204                   
-29.815     -55.327                   
-29.794     -55.501                   
-29.773     -55.605                   
-30.316     -55.754                   
-30.326     -55.863                   
-30.334     -55.949                   
-30.332     -56.052                   
-30.325     -56.134                   
-30.334     -56.29                    
-30.721     -56.449                   
-30.727     -56.511                   
-30.743     -56.57                    
-30.469     -56.851                   
-30.129     -57.095                   
-29.852     -57.598                   
-30.007     -58.272                   
-29.563     -58.817                   
-30.108     -59.515                   
-30.031     -59.937                   
-29.881     -60.174                   
-27.705     -60.467                   
> SC-AN
-41.214     -60.975                   
-36.418     -61.392                   
-34.825     -60.989                   
> IN-AR
59.41       14.895                    
58.589      14.646                    
57.984      14.599                    
57.476      14.662                    
57.001      14.66                     
> SO-AR
56.265      14.623                    
56.208      14.643                    
56.179      14.621                    
56.057      14.641                    
55.822      14.692                    
55.668      14.722                    
55.631      14.681                    
55.48       14.729                    
55.278      14.788                    
55.047      14.712                    
54.958      14.727                    
54.731      14.801                    
54.451      14.621                    
54.387      14.64                     
54.332      14.671                    
54.287      14.681                    
54.249      14.691                    
54.193      14.71                     
54.149      14.733                    
53.862      14.351                    
53.818      14.361                    
53.579      14.441                    
53.358      14.512                    
53.211      14.538                    
53.122      14.559                    
52.907      14.622                    
52.667      14.561                    
52.547      14.597                    
52.299      14.663                    
51.253      13.122                    
51.079      13.192                    
50.842      13.279                    
50.573      13.218                    
50.429      13.273                    
50.167      13.123                    
50.061      13.167                    
49.849      13.251                    
49.472      13.008                    
49.278      12.802                    
49.07       12.853                    
48.803      12.77                     
48.699      12.658                    
48.567      12.691                    
48.349      12.573                    
48.268      12.602                    
48.142      12.641                    
47.901      12.461                    
47.788      12.492                    
47.539      12.369                    
47.319      12.43                     
47.13       12.359                    
47.049      12.388                    
46.849      12.211                    
46.717      12.248                    
46.429      12.087                    
46.311      12.142                    
46.11       12.058                    
45.851      12.1                      
45.65       12.152                    
45.522      11.983                    
45.428      12.018                    
45.281      11.998                    
45.097      11.999                    
44.913      12.012                    
44.882      12.019                    
44.78       12.022                    
44.513      12.013                    
44.049      12.008                    
> NZ-PM
-80.784     7.358                     
-80.894     7.294                     
-81.741     7.061                     
-81.889     6.978                     