> AF-AN     
-0.438      -54.852                  
-0.039      -54.677                  
0.965       -54.832                  
1.695       -54.399                  
2.36        -54.037                  
4.415       -54.43                   
5.495       -54.543                  
6.184       -54.114                  
7.772       -54.396                  
8.288       -54.033                  
8.799       -53.668                  
9.429       -53.233                  
10.975      -53.332                  
11.708      -52.783                  
12.299      -52.375                  
13.788      -52.477                  
15.112      -52.307                  
15.428      -52.084                  
18.537      -52.734                  
23.075      -53.098                  
> AN-AF
31.865      -47.201                  
31.588      -47.682                  
31.306      -48.163                  
31.008      -48.587                  
30.362      -49.215                  
30.006      -49.611                  
29.712      -49.933                  
29.343      -50.507                  
28.969      -51.137                  
28.605      -51.772                  
28.403      -52.277                  
28.312      -52.54                   
26.713      -52.378                  
26.513      -52.62                   
26.338      -53.065                  
26.181      -53.429                  
> SO-AN
33.174      -47.264                  
33.359      -46.806                  
34.704      -45.971                  
34.868      -45.466                  
38.083      -44.619                  
38.194      -44.401                  
39.073      -44.165                  
39.267      -43.726                  
41.558      -43.579                  
41.686      -43.117                  
42.469      -42.73                   
42.572      -42.26                   
42.674      -41.79                   
42.774      -41.32                   
44.009      -40.915                  
44.686      -40.691                  
45.303      -40.366                  
46.074      -40.119                  
46.16       -39.494                  
48.023      -38.651                  
49.034      -38                      
49.945      -37.79                   
50.823      -37.58                   
52.283      -37.432                  
52.311      -36.797                  
53.466      -36.141                  
54.216      -35.302                  
55.275      -34.561                  
55.699      -34.235                  
57.061      -33.554                  
57.091      -32.835                  
57.122      -32.303                  
58.456      -31.691                  
59.167      -31.05                   
60.763      -30.531                  
60.762      -29.999                  
60.786      -29.465                  
61.532      -28.92                   
62.162      -28.811                  
62.746      -28.458                  
63.211      -28.164                  
63.621      -28.039                  
65.332      -27.812                  
66.359      -27.514                  
67.129      -27.269                  
67.424      -26.87                   
67.962      -26.583                  
68.622      -26.263                  
68.82       -26.141                  
69.15       -25.993                  
69.46       -25.782                  
> SO-IN
57.301      13.74                    
> AU-SO
68.274      -6.811                   
68.073      -7.648                   
68.039      -8.492                   
67.565      -8.881                   
67.378      -9.63                    
66.92       -9.99                    
66.787      -10.762                  
66.418      -11.559                  
66.369      -12.833                  
66.21       -13.777                  
67.383      -15.942                  
67.41       -16.659                  
66.708      -17.09                   
66.143      -17.45                   
65.542      -17.783                  
66.428      -20.078                  
67.04       -20.218                  
67.593      -20.369                  
67.897      -20.469                  
68.559      -20.712                  
69.202      -22.088                  
69.85       -23.709                  
69.939      -24.678                  
70.09       -25.483                  
> EU-AF
-29.26      39.25                    
-29.188     39.279                   
-29.147     39.294                   
-29.09      39.323                   
-29.049     39.338                   
-28.982     39.366                   
-28.951     39.379                   
-28.619     39.121                   
-28.566     39.13                    
-28.292     38.939                   
-28.215     38.952                   
-28.12      38.968                   
-28.059     38.983                   
-25.916     37.839                   
-25.101     37.646                   
-24.255     36.781                   
-23.57      36.646                   
-22.893     36.702                   
-22.216     36.754                   
-21.507     36.82                    
-20.797     36.881                   
-20.24      36.954                   
-18.124     37.466                   
-17.584     37.503                   
-16.742     37.435                   
-15.842     37.297                   
-13.675     37.395                   
-12.903     36.864                   
-12.142     36.328                   
-9.977      36.651                   
-9.545      36.43                    
18.062      39.006                   
> IN-SO
58.239      12.745                   
58.017      12.283                   
57.796      11.821                   
57.576      11.359                   
57.356      10.896                   
57.138      10.434                   
58.063      9.532                    
58.263      9.293                    
58.918      8.167                    
60.179      6.951                    
61.657      5.49                     
63.002      4.108                    
63.331      3.631                    
63.819      3.482                    
64.618      3.217                    
65.213      2.921                    
66.38       2.752                    
66.179      2.393                    
66.673      1.621                    
66.87       1.068                    
67.159      0.337                    
67.209      -0.34                    
67.662      -1.04                    
67.929      -1.913                   
68.249      -2.54                    
68.667      -3.771                   
68.751      -4.549                   
68.607      -5.472                   
68.219      -5.891                   
> NA-AF
-46.529     16.587                   
-46.407     17.566                   
-46.391     18.422                   
-46.224     18.935                   
-46.001     19.823                   
-45.774     20.618                   
-45.419     21.222                   
-45.385     21.822                   
-45.066     22.973                   
-44.924     23.646                   
-45.699     23.784                   
-46.196     24.597                   
-45.792     25.254                   
-45.092     26.081                   
-44.816     26.27                    
-44.506     27.254                   
-44.022     28.107                   
-43.563     28.811                   
-43.088     29.469                   
-42.729     30.07                    
-41.43      31.237                   
-40.71      31.817                   
-39.7       33.084                   
-39.399     33.768                   
-38.597     33.637                   
-37.678     33.736                   
-37.336     34.136                   
-37.046     34.567                   
-36.785     34.712                   
-36.373     35.28                    
-35.558     35.148                   
-34.459     35.625                   
-34.142     36.079                   
-33.982     36.221                   
-33.595     36.742                   
-33.225     36.941                   
-32.943     37.065                   
-32.646     37.176                   
-32.283     37.391                   
-31.371     37.705                   
-30.605     38.403                   
> AF-SA
-46.766     15.451                   
-45.947     15.36                    
-45.037     12.68                    
-44.278     12.101                   
-43.921     10.927                   
-43.448     10.906                   
-42.976     10.883                   
-42.504     10.86                    
-42.031     10.837                   
-41.559     10.812                   
-41.083     9.979                    
-40.865     9.389                    
-40.652     8.841                    
-40.141     8.215                    
-39.661     8.197                    
-39.181     8.179                    
-38.701     8.159                    
-38.207     7.703                    
-37.536     7.679                    
-36.851     7.401                    
-36.047     7.023                    
-35.363     6.614                    
-34.494     6.616                    
-33.62      6.104                    
-33.507     5.649                    
-32.862     3.96                     
-32.387     3.986                    
-31.912     4.011                    
-31.437     4.036                    
-30.736     1.643                    
-29.92      0.797                    
-29.21      0.849                    
-28.347     0.953                    
-27.831     1.007                    
-27.315     1.062                    
-26.289     0.498                    
-25.659     0.556                    
-24.612     -1.103                   
-24.051     -1.034                   
-23.49      -0.964                   
-22.935     -0.88                    
-22.381     -0.796                   
-21.544     -0.68                    
-21.017     -0.588                   
-20.49      -0.497                   
-19.675     -0.333                   
-18.85      -0.176                   
-18.369     -0.073                   
-17.889     0.031                    
-17.323     0.15                     
-16.757     0.269                    
-16.252     -0.556                   
-15.841     -1.143                   
-15.41      -1.493                   
-14.659     -1.301                   
-13.909     -1.108                   
-12.701     -2.099                   
-11.766     -3.972                   
-12.039     -4.587                   
-12.019     -5.026                   
-11.516     -5.415                   
-11.022     -5.93                    
-11.181     -6.755                   
-11.993     -6.961                   
-12.807     -7.165                   
-13.357     -8.411                   
-13.023     -9.225                   
-13.166     -9.794                   
-13.031     -11.422                  
-13.524     -11.539                  
-14.018     -11.655                  
-14.512     -11.771                  
-14.908     -12.339                  
-14.791     -12.656                  
-14.41      -13.218                  
-14.478     -14.208                  
-13.226     -15.663                  
-13.239     -16.212                  
-13.77      -16.323                  
-14.238     -16.764                  
-14.079     -17.995                  
-13.519     -17.893                  
-12.759     -18.785                  
-12.263     -19.935                  
-11.852     -20.278                  
-11.763     -21.176                  
-11.849     -21.735                  
-11.819     -22.153                  
-12.364     -22.267                  
-12.851     -22.63                   
-13.34      -22.73                   
-13.664     -23.544                  
-13.28      -24.777                  
-13.663     -25.648                  
-13.816     -26.586                  
-13.272     -28.321                  
-12.533     -28.941                  
-13.262     -29.098                  
-13.82      -29.851                  
-13.367     -31.157                  
-13.245     -32.143                  
-13.883     -32.275                  
-14.367     -33.499                  
-14.515     -34.043                  
-15.083     -34.69                   
-15.1       -35.182                  
-16.027     -35.343                  
-16.962     -35.499                  
-17.085     -36.472                  
-17.233     -37.374                  
-17.051     -38.447                  
-15.922     -39.681                  
-16.47      -40.273                  
-15.594     -45.476                  
-14.715     -45.898                  
-13.325     -47.578                  
-12.61      -47.471                  
-11.898     -47.361                  
-11.189     -47.245                  
-9.71       -49.216                  
-8.922      -49.091                  
-8.022      -49.283                  
-7.638      -50.059                  
-7.159      -50.61                   
-6.16       -50.417                  
-4.238      -52.049                  
-2.372      -54.327                  
> AU-AN
70.409      -26.06                   
70.994      -26.187                  
71.58       -26.454                  
72.066      -26.656                  
72.92       -27.573                  
73.399      -27.655                  
74.406      -28.317                  
74.994      -29.264                  
75.554      -29.839                  
75.515      -30.118                  
76.204      -30.906                  
76.689      -31.465                  
78.086      -33.194                  
78.488      -34.807                  
78.803      -35.161                  
79.184      -36.511                  
78.606      -36.998                  
78.706      -38.001                  
78.529      -38.659                  
78.384      -39.262                  
78.425      -39.905                  
79.99       -41.892                  
80.464      -41.512                  
83.439      -42.89                   
83.853      -42.551                  
84.263      -42.21                   
84.669      -41.868                  
85.07       -41.525                  
85.466      -41.18                   
88.06       -41.997                  
95.04       -44.619                  
96.698      -45.471                  
96.274      -45.996                  
99.624      -47.978                  
106.554     -49.101                  
108.285     -49.182                  
114.024     -50.388                  
115.988     -49.852                  
120.273     -50.036                  
120.516     -49.524                  
121.555     -49.006                  
123.328     -49.585                  
125.896     -49.717                  
126.074     -49.401                  
126.264     -49.044                  
127.313     -48.764                  
127.243     -49.294                  
127.196     -49.643                  
131.256     -50.604                  
139.645     -50.279                  
139.733     -51.174                  
140.323     -51.798                  
140.4       -52.274                  
140.478     -52.75                   
140.584     -53.504                  
146.881     -54.695                  
147.043     -55.175                  
147.206     -55.654                  
147.373     -56.132                  
147.545     -56.61                   
147.721     -57.088                  
148.806     -57.436                  
149.15      -58.104                  
149.398     -58.552                  
149.652     -58.999                  
150.733     -59.475                  
151.008     -59.944                  
153.639     -59.93                   
154.294     -60.681                  
154.981     -61.429                  
155.701     -62.174                  
> AN-NZ
-76.006     -45.659                  
-76.675     -45.643                  
-78.206     -44.411                  
-78.893     -44.545                  
-79.586     -44.666                  
-80.281     -44.782                  
-81.106     -44.876                  
-82.509     -42.861                  
-83.827     -41.125                  
-84.487     -41.191                  
-85.148     -41.253                  
-86.24      -41.393                  
-87.417     -41.273                  
-88.447     -41.319                  
-89.25      -41.378                  
-90.088     -41.058                  
-90.739     -41.082                  
-91.658     -38.866                  
-92.34      -38.918                  
-93.075     -38.429                  
-94.13      -37.001                  
-94.91      -36.985                  
-95.689     -36.965                  
-96.551     -36.921                  
-97.402     -36.294                  
-98.417     -36.193                  
-99.532     -36.133                  
-100.645    -36.063                  
-101.286    -35.997                  
-101.926    -35.927                  
-102.565    -35.854                  
-103.202    -35.778                  
-103.998    -35.694                  
-104.793    -35.605                  
-105.391    -35.524                  
-105.988    -35.439                  
-106.666    -35.394                  
-107.343    -35.345                  
-108.071    -35.24                   
> PA-AN
161.228     -61.457                  
161.975     -61.763                  
162.579     -62.213                  
165.103     -62.077                  
165.653     -62.473                  
165.969     -62.668                  
166.62      -63.087                  
169.238     -62.446                  
169.605     -62.676                  
170.068     -62.972                  
170.441     -63.149                  
171.009     -63.447                  
171.64      -63.807                  
172.164     -64.097                  
172.52      -64.256                  
175.582     -63.984                  
176.063     -64.188                  
176.549     -64.41                   
176.819     -64.506                  
177.338     -64.736                  
177.889     -64.975                  
178.24      -65.079                  
178.759     -65.274                  
179.381     -65.477                  
179.963     -65.739                  
-179.197    -65.986                  
-175.729    -65.183                  
-175.07     -65.505                  
-171.3      -64.356                  
-166.608    -62.49                   
-166.199    -62.606                  
-165.149    -63.007                  
-162.061    -62.394                  
-161.338    -62.614                  
-159.888    -62.595                  
-158.394    -62.789                  
-157.601    -63.07                   
-154.324    -61.776                  
-151.329    -59.469                  
-147.692    -57.555                  
-144.857    -55.784                  
-144.482    -55.91                   
-143.324    -56.263                  
-142.086    -56.619                  
-141.211    -56.839                  
-139.191    -55.725                  
-137.89     -53.568                  
-137.522    -53.688                  
-136.18     -53.396                  
-135.307    -53.643                  
-134.205    -53.887                  
-132.87     -54.237                  
-132.126    -54.432                  
-131.375    -54.623                  
-130.059    -54.931                  
-129.345    -55.129                  
-128.624    -55.321                  
-126.8      -55.064                  
-126.197    -55.138                  
-125.077    -55.454                  
-124.262    -55.587                  
-123.442    -55.715                  
-122.655    -55.873                  
-120.663    -54.41                   
-119.685    -54.642                  
-117.661    -53.124                  
-116.388    -49.368                  
-115.233    -49.589                  
-114.556    -49.721                  
-112.426    -45.854                  
-111.349    -42.2                    
-110.391    -38.986                  
-110.471    -36.41                   
-110.579    -35.83                   
> AN-SA
-1.039      -55.019                  
-1.614      -55.653                  
-2.08       -55.657                  
-2.896      -55.707                  
-3.72       -55.74                   
-4.056      -55.769                  
-4.693      -56.592                  
-5.448      -56.627                  
-6.13       -57.24                   
-6.538      -57.27                   
-7.009      -57.869                  
-7.525      -57.92                   
-8.607      -57.989                  
-9.885      -58.091                  
-11.19      -58.158                  
-12.649     -58.241                  
-13.954     -58.317                  
-15.069     -58.39                   
-16.41      -59.098                  
-16.917     -59.098                  
-17.667     -59.129                  
-18.123     -59.509                  
-18.646     -60.25                   
-19.581     -60.811                  
-20.651     -60.782                  
-21.719     -60.744                  
-22.914     -60.723                  
-24.107     -60.692                  
-25.094     -60.545                  
> TI-AU
124.734     -10.39                   
125.159     -10.159                  
126.333     -9.596                   
126.853     -9.39                    
127.43      -9.221                   
127.9       -9.133                   
> AU-PA
174.988     -42.122                  
> PA-NI
-174.754    -14.334                  
-174.083    -14.379                  
> PA-TO
-173.836    -14.534                  
> PA/AU
162.484     -11.421                  
163.195     -11.291                  
163.505     -11.238                  
164.151     -11.144                  
> CA-NA
-63.36      19.691                   
-63.76      19.724                   
-64.344     19.779                   
-65.129     19.833                   
-65.694     19.829                   
-66.259     19.825                   
-67.04      19.754                   
-67.531     19.721                   
-68.022     19.687                   
-68.853     19.589                   
-71.277     20.201                   
-71.804     20.267                   
-72.332     20.331                   
-76.356     19.845                   
-76.983     19.747                   
-77.673     19.623                   
-78.361     19.497                   
-79.011     19.382                   
-79.66      19.264                   
-80.21      19.16                    
-80.758     19.054                   
-81.256     18.96                    
-81.625     17.802                   
-82.244     17.691                   
-82.865     17.626                   
-83.706     17.481                   
-84.248     17.344                   
-84.91      17.107                   
-85.671     16.911                   
-86.32      16.694                   
> CA-SA
-58.639     10.19                    
> CO-PA
-105.32     15.108                   
-103.772    11.89                    
-103.598    10.123                   
-104.229    8.34                     
-103.595    8.37                     
-102.184    3.778                    
> CO-NZ
-98.918     2.112                    
-97.551     2.088                    
-96.175     1.873                    
-95.224     2.222                    
-92.09      2.2                      
-91.538     2.011                    
-90.697     1.736                    
-85.386     0.832                    
-84.576     1.598                    
-84.571     2.066                    
-84.567     2.534                    
-82.806     3.118                    
-82.875     3.595                    
-82.875     4.072                    
-82.875     4.563                    
-82.875     5.054                    
-82.875     5.833                    
-82.875     6.562                    
-82.875     7.118                    
> NA-EU
-14.734     70.389                   
-13.892     70.816                   
-13.396     70.772                   
-12.905     70.698                   
-11.356     71.052                   
-11.865     71.147                   
-11.37      71.774                   
-10.356     71.615                   
-9.393      71.456                   
-7.941      71.217                   
-5.699      71.54                    
-5.157      71.431                   
-4.072      71.491                   
7.785       78.235                   
6.776       78.444                   
5.592       78.641                   
4.691       78.806                   
3.857       78.95                    
4.39        79.533                   
3.296       79.658                   
2.378       79.78                    
1.487       79.909                   
0.628       80.026                   
-0.251      80.142                   
-0.969      80.213                   
-1.766      80.309                   
-1.684      80.625                   
-2.942      80.756                   
-2.414      81.126                   
-3.454      81.251                   
-3.7        82.328                   
-5.865      82.691                   
4.035       84.597                   
8.938       85.009                   
46.314      86.561                   
66.544      86.655                   
69.752      86.472                   
-29.588     40.106                   
-29.56      40.599                   
-29.229     41.215                   
-29.162     41.91                    
-29.223     42.289                   
-29.321     42.715                   
-29.317     43.081                   
-28.796     43.768                   
-28.435     44.198                   
-28.106     44.909                   
-28.076     45.127                   
-27.972     45.344                   
-27.924     45.466                   
-27.877     45.536                   
-27.739     45.878                   
-27.677     45.985                   
-27.565     46.213                   
-27.436     46.755                   
-27.463     47.658                   
-27.76      48.585                   
-27.889     48.609                   
-28.562     49.639                   
-28.718     49.653                   
-30.026     52.03                    
-30.376     52.057                   
-30.807     52.095                   
-31.058     52.105                   
-31.257     52.42                    
-31.582     52.465                   
-31.866     52.504                   
-32.054     52.516                   
-32.359     52.556                   
-32.649     52.581                   
-32.857     52.595                   
-33.02      52.615                   
-33.335     52.628                   
-33.712     52.648                   
-34.174     52.663                   
-34.572     52.682                   
-34.925     52.708                   
-34.884     52.704                   
-35.011     52.704                   
-35.183     53.21                    
-35.246     53.512                   
-35.121     54.308                   
-35.313     54.327                   
-35.212     54.971                   
-34.877     55.848                   
-34.44      56.499                   
-34.218     56.746                   
-33.978     56.902                   
-33.796     56.883                   
-33.682     56.871                   
-33.497     57.264                   
-33.377     57.265                   
-32.918     57.667                   
-32.472     58.006                   
-31.745     58.468                   
-30.977     58.976                   
> PA-JF
-124.742    40.313                   
-125.45     40.354                   
-126.159    40.39                    
-126.869    40.422                   
-127.579    40.539                   
-127.56     41.589                   
-126.627    43.014                   
-127.571    43.419                   
-128.528    43.818                   
-129.498    44.208                   
-129.869    45.896                   
-129.803    46.433                   
-128.938    47.727                   
-128.919    48.869                   
-129.705    49.177                   
-130.162    50.217                   
> NA/PA
165.771     54.588                   
168.188     53.569                   
-113.909    29.982                   
-112.321    28.125                   
-112.015    27.906                   
-111.711    27.694                   
-111.506    27.57                    
-111.569    27.215                   
-111.506    26.927                   
-111.228    26.723                   
-110.957    26.535                   
-110.758    26.416                   
-110.778    26.225                   
-110.572    26.066                   
-110.291    25.889                   
-110.024    25.706                   
-109.872    25.607                   
-110.007    25.339                   
-109.788    25.18                    
-109.591    25.016                   
-109.35     24.857                   
-109.178    24.735                   
-109.276    24.396                   
-109.002    24.152                   
-108.806    23.984                   
-108.61     23.814                   
-108.439    23.674                   
-108.651    23.241                   
-108.388    23.082                   
> NA-SA
-60.753     19.208                   
-58.309     19.192                   
-57.493     19.052                   
-56.805     18.694                   
-56.118     18.258                   
> NZ-PA
-102.524    -1.283                   
-102.462    -1.533                   
-102.402    -1.907                   
-102.754    -2.934                   
-102.735    -4.056                   
-103.637    -3.951                   
-104.699    -4.152                   
-105.544    -4.569                   
-106.587    -5.624                   
-106.752    -6.019                   
-106.95     -6.443                   
-108.32     -9.145                   
-109.038    -9.035                   
-109.857    -9.677                   
-110.292    -10.802                  
-111.077    -12.742                  
-111.007    -13.411                  
-111.266    -13.541                  
-111.846    -13.465                  
-112.613    -14.718                  
-113.066    -16.351                  
-113.165    -16.67                   
-113.241    -17.052                  
-113.329    -17.521                  
-113.388    -17.994                  
-113.52     -18.758                  
-113.623    -19.285                  
> OK-PS
140.87      34.529                   
> MA/PA
143.097     11.569                   
> KE-TO
-174.985    -23.75                   
> NI-AU 
-176.549    -19.217                  
> TO-NI
-174.264    -15.314                  
-174.87     -15.88                   
> TO-AU
-176.182    -20.106                  
> SC-AN
-50.887     -60.094                  
-49.599     -60.044                  
-48.251     -59.968                  
-46.963     -59.96                   
-45.603     -60.091                  
> EU-SU
111.569     17.955                   
112.098     18.038                   
112.628     18.121                   
113.313     18.28                    
> YA-SU
114         18.438                   
> AP-SA
-71.307     -21.965                  
> PA-NA
-108.582    21.905                   
> RI-PA
-108.977    21.347                   
-109.285    20.558                   
-109.45     20.027                   
-109.16     19.806                   
-108.896    19.55                    
-108.534    19.384                   
-108.233    19.107                   
-107.816    18.936                   
-107.523    18.863                   
-107.272    18.756                   
-107.002    18.647                   
-106.756    18.59                    
-106.527    18.544                   
-106.308    17.929                   
> PS-SU
122.086     15.648                   
122.555     15.493                   
123.024     15.337                   
123.492     15.18                    
123.959     15.023                   
124.425     14.864                   
> MS-BH
126.817     -1.018                   
> SU-BU
94.024      10.17                    
93.986      9.019                    
94.171      8.686                    
94.429      8.312                    
94.46       7.603                    
> MS-SU
125.263     -0.446                   
124.857     -0.269                   
123.535     1.354                    
123.448     1.812                    
> EU-NA
-16.487     68.808                   
-19.099     67.058                   
-18.247     66.781                   
-17.718     66.365                   
-19.238     63.862                   
-20.097     63.949                   
-20.731     64.017                   
-23.059     63.65                    
-25.311     62.614                   
-28.927     60.333                   
> IN-AU
73.704      -5.778                   
73.77       -4.927                   
76.779      -5.046                   
> PA-AU
163.235     -50.079                  
162.963     -50.369                  
162.785     -50.443                  
162.594     -50.549                  
162.453     -50.668                  
162.273     -50.817                  
162.049     -50.962                  
161.825     -51.118                  
161.716     -51.192                  
161.542     -51.399                  
161.368     -51.542                  
161.162     -51.751                  
161.026     -51.924                  
160.762     -52.166                  
160.671     -52.292                  
160.535     -52.433                  
160.342     -52.634                  
160.092     -52.822                  
159.905     -52.991                  
159.731     -53.17                   
159.512     -53.345                  
159.142     -53.812                  
158.985     -54.088                  
158.885     -54.308                  
158.74      -54.559                  
158.465     -55.522                  
158.332     -55.779                  
158.226     -56.022                  
158.153     -56.165                  
158.042     -56.311                  
157.944     -56.438                  
157.823     -56.725                  
157.703     -56.992                  
157.64      -57.23                   
> ON-PS
121.779     24.255                   
122.14      23.949                   
> PA-CL
138.359     9.379                    
139.192     9.065                    
139.886     8.866                    
140.579     8.666                    
141.048     8.392                    
141.517     8.118                    
142.262     7.611                    
142.666     7.388                    
143.07      7.166                    
143.558     6.805                    
144.664     6.611                    
145.067     6.503                    
145.471     6.353                    
146.001     6.16                     
146.382     5.883                    
146.73      5.511                    
147.078     5.138                    
147.425     4.765                    
147.772     4.393                    
148.191     3.776                    
148.863     0.937                    
> PA-NB
154.256     -3.612                   
154.955     -4.55                    
154.992     -4.887                   
> NB-SB
145.399     -3.485                   
146.11      -3.471                   
148.499     -3.222                   
148.675     -3.306                   
148.878     -3.395                   
149.089     -3.466                   
149.295     -3.522                   
149.453     -3.544                   
149.603     -3.57                    
149.717     -3.58                    
149.773     -3.592                   
> NB-MN
150.509     -3.061                   
> MN-SB
149.938     -3.724                   
150.027     -3.752                   
150.121     -3.79                    
150.192     -3.829                   
150.226     -3.874                   
> NB-SB
151.301     -3.656                   
151.375     -3.706                   
153.193     -5.018                   
153.403     -5.361                   
153.614     -5.704                   
153.823     -6.046                   
> WL-SS
155.454     -7.489                   
155.262     -7.629                   
154.872     -7.962                   
154.481     -8.296                   
> WL-AU
151.834     -9.761                   
152.214     -9.945                   
152.849     -10.088                  
154.219     -10.279                  
154.849     -9.723                   
155.172     -9.73                    
155.436     -9.493                   
155.577     -9.531                   
155.797     -9.526                   
156.086     -9.538                   
156.124     -9.381                   
156.428     -9.179                   
156.39      -8.809                   
156.361     -8.598                   
156.331     -8.385                   
> PS-MA
144.082     14.639                   
144.334     14.884                   
144.453     15.526                   
144.671     17.42                    
143.842     20.418                   
142.886     23.701                   
> NH-PA
171.296     -13.793                  
> CR-NH
173.251     -18.532                  
173.379     -21.14                   
> NH-AU
172.439     -23.178                  
172.783     -23.069                  
173.212     -22.834                  
> BR-NH
173.555     -15.697                  
> BR-CR
173.901     -16.849                  
174.885     -16.873                  
175.226     -16.741                  
> AU-CR
175.973     -17.804                  
175.733     -21.422                  
175.231     -21.75                   
> BR-AU
176.377     -16.569                  
176.545     -16.557                  
176.671     -16.553                  
176.79      -16.545                  
176.883     -16.544                  
176.949     -16.524                  
177.035     -16.516                  
177.13      -16.505                  
177.19      -16.504                  
177.269     -16.506                  
177.414     -16.301                  
177.588     -16.225                  
177.721     -16.229                  
177.806     -16.227                  
177.876     -16.222                  
178.007     -16.172                  
178.086     -16.149                  
178.171     -16.115                  
178.283     -16.11                   
178.402     -16.104                  
178.562     -15.897                  
178.936     -15.812                  
179.332     -15.729                  
> PA-BR
176.966     -13.853                  
177.167     -13.948                  
177.417     -14.055                  
178.029     -14.309                  
178.469     -14.501                  
179.012     -14.784                  
179.389     -14.975                  
179.79      -15.218                  
> PA-AU
-179.739    -15.542                  
> FT-AU
-179.444    -15.527                  
> FT-PA
-178.768    -14.23                   
-179.048    -14.927                  
> EA-PA
-114.567    -23.024                  
-114.962    -23.179                  
-115.254    -23.397                  
-115.482    -24.105                  
-115.968    -24.383                  
-116.099    -24.847                  
-113.944    -26.79                   
-113.608    -26.809                  
> EA-NZ
-112.947    -26.724                  
-112.62     -25.934                  
-112.541    -25.787                  
-112.453    -25.059                  
-112.098    -24.11                   
-112.208    -22.821                  
-112.575    -22.619                  
> JZ-AN
-109.691    -34.609                  
> NZ-PA
-113.133    -27.577                  
-112.934    -28.379                  
-112.956    -29.009                  
-112.367    -29.16                   
-111.978    -31.386                  
> GP-PA
-102.088    1.903                    
-102.133    1.778                    
-102.23     1.541                    
-102.203    1.221                    
> GP-NZ
-101.644    1.404                    
-101.348    1.399                    
-101.047    1.471                    
-100.964    1.655                    
-100.908    1.743                    
> PA-CO
-102.118    2.893                    
> NZ-PA
-102.24     0.713                    
> CO-NZ
-101.203    2.241                    
-100.066    2.207                    
> SC-SA
-33.058     -55.458                  
-49.163     -52.664                  
-50.671     -52.71                   
-52.176     -52.873                  
-53.382     -53.209                  
-54.741     -53.406                  
-55.597     -53.53                   
> SW-SC
-29.817     -55.683                  
-30.378     -56.443                  
-30.743     -56.859                  
-30.38      -57.094                  
-30.069     -57.599                  
-29.844     -58.262                  
-29.951     -58.805                  
-29.555     -59.514                  
-29.598     -60.435                  
> SW-AN
-27.697     -60.617                  
-26.889     -60.506                  
> SC-AN
-44.226     -60.243                  
-43.151     -60.376                  
-39.093     -61.018                  
-37.561     -61.243                  
-29.738     -60.575                  
-28.743     -60.601                  
> SW/SA
-28.647     -55.005                  
> AR-IN
60.97       19.813                   
61.23       20.23                    
61.492      20.644                   
61.848      21.126                   
62.132      22.083                   
62.502      22.385                   
62.877      22.683                   
63.631      23.201                   
64.275      23.694                   
64.651      24.038                   
> IN-AR
59.909      15.572                   
59.642      15.242                   
59.034      15.088                   
58.213      14.916                   
> SO-AR
55.108      14.851                   
54.549      14.87                    
54.511      14.76                    
54.069      14.772                   
54.018      14.657                   
53.929      14.489                   
53.22       14.562                   
52.737      14.681                   
52.139      14.689                   
51.94       14.353                   
51.763      14.028                   
51.57       13.667                   
51.449      13.458                   
51.343      13.272                   
50.661      13.362                   
50.31       13.313                   
50.252      13.229                   
49.68       13.313                   
49.593      13.169                   
49.43       13.042                   
49.349      12.897                   
48.882      12.908                   
48.448      12.729                   
48.048      12.671                   
47.991      12.581                   
47.649      12.519                   
47.588      12.441                   
47.161      12.463                   
46.992      12.403                   
46.93       12.3                     
46.579      12.292                   
46.511      12.202                   
46.198      12.172                   
46.15       12.112                   
45.637      12.159                   
45.602      12.073                   
45.328      12.052                   
> AF-SO
33.474      -34.173                  
32.69       -33.595                  
31.917      -33.012                  
31.153      -32.425                  
> NZ-PM
-78.646     7.337                    
-78.751     7.329                    
-78.982     7.319                    
-79.24      7.301                    
-79.846     7.16                     
-80.096     7.101                    
-81.038     7.222                    
-81.163     7.172                    
-81.342     7.099                    
-81.487     7.055                    
-81.584     7.039                    
-81.944     6.95                     
-82.492     7.296                    
-82.617     7.307                    
-82.686     7.278                    
> CA\ND
-70.952     13.438                   