> SO-IN
57.639          13.138                
57.733          13.309                
56.969          13.937                
56.762          14.208                
> EU-AF
-26.83          38.278                
-25.633         37.722                
-25.355         37.663                
-19.682         37.025                
-18.618         37.307                
-15.143         37.021                
-14.411         37.21                 
-11.585         35.851                
-10.923         36.098                
-10.429         36.392                
5.142           37.082                
5.974           37.154                
6.784           37.322                
7.215           37.32                 
7.805           37.358                
17.96           39.17                 
18.364          38.947                
18.895          38.694                
19.584          38.272                
> IN-SO
58.43           8.863                 
59.309          7.768                 
> AR-EU
65.028          24.382                
64.161          24.35                 
63.366          24.285                
62.581          24.283                
61.955          24.087                
61.365          24.122                
60.87           24.177                
60.374          24.232                
59.603          24.311                
58.716          24.363                
> TI-AU
120.886         -11.493               
121.11          -11.493               
> PA-AU
159.803         -60.006               
160.327         -60.504               
160.74          -61.053               
161.129         -61.384               
> CA-NA
-61.553         18.959                
-62.176         19.275                
-62.847         19.574                
-70.627         20.002                
> NA-SA
-61.553         18.959                
-59.949         19.455                
-59.131         19.325                
> OK-PS
139.923         34.713                
140.44          34.631                
141.104         34.439                
141.441         34.356                
> PS-CL
134.521         6.99                  
135.415         6.895                 
136.183         6.989                 
136.759         7.368                 
137.144         7.62                  
137.529         7.871                 
137.982         8.534                 
138.309         9.196                 
> SC-AN
-64.617         -57.959               
-63.571         -58.359               
-62.571         -58.603               
-61.04          -59.011               
-59.704         -59.453               
-58.97          -59.729               
-58.223         -59.999               
> SC-SL
-56.925         -60.565               
-56.269         -60.742               
-55.81          -60.7                 
> OK-AM
138.577         44.295                
138.563         43.939                
138.801         43.192                
138.811         42.766                
138.824         41.995                
138.743         41.769                
138.489         41.482                
138.475         41.103                
138.756         40.782                
138.655         40.474                
138.655         40.072                
138.352         39.832                
138.085         39.659                
137.845         39.404                
> NA-RI
-108.582        21.905                
-108.397        21.835                
-108.114        21.72                 
-107.928        21.686                
-107.774        21.74                 
-107.586        21.742                
-107.393        21.748                
-107.171        21.752                
-107.046        21.754                
> RI-CO
-105.586        17.881                
-105.51         18.14                 
-105.442        18.355                
-105.352        18.551                
> SU-BH
126.872         2.346                 
> MS-BS
122.823         -2.598                
123.424         -2.846                
123.672         -3.094                
123.706         -3.941                
123.458         -4.576                
124.06          -4.701                
124.662         -4.824                
125.282         -4.789                
125.901         -4.754                
126.432         -4.471                
> BH-BS
133.311         -4.626                
> BS-TI
120.543         -7.812                
121.253         -7.99                 
121.891         -8.062                
122.673         -7.853                
124.235         -7.784                
124.75          -7.644                
125.264         -7.503                
125.761         -7.433                
126.258         -7.309                
126.755         -7.185                
127.393         -7.184                
127.854         -6.99                 
128.315         -6.795                
128.776         -6.565                
130.443         -6.717                
> IN-BU
92.068          13.715                
> IN-AU 
77.355          -5.055                
77.981          -4.994                
78.606          -4.932                
79.141          -4.752                
79.676          -4.573                
80.374          -4.393                
81.072          -4.213                
81.701          -4.031                
82.33           -3.848                
82.796          -3.641                
83.263          -3.433                
83.729          -3.225                
84.195          -3.017                
84.987          -3.181                
85.779          -3.344                
86.501          -3.716                
87.225          -4.088                
87.923          -3.529                
88.62           -2.969                
88.828          -2.271                
89.036          -1.574                
89.43           -1.179                
89.825          -0.783                
90.63           -0.45                 
91.436          -0.117                
92.241          0.216                 
93.046          0.549                 
93.852          0.882                 
94.415          1.493                 
> PA-AU
163.047         -50.273               
159.216         -53.619               
158.674         -54.689               
158.618         -54.928               
158.596         -55.047               
158.54          -55.272               
157.615         -57.474               
157.62          -57.784               
157.751         -58.068               
157.92          -58.334               
158.121         -58.605               
158.267         -58.779               
158.385         -58.858               
158.65          -59.07                
158.972         -59.305               
159.186         -59.511               
159.413         -59.732               
159.691         -59.939               
> ON-PS
122.501         23.643                
123.01          23.469                
123.518         23.454                
124.026         23.438                
124.534         23.42                 
125.042         23.401                
> CL-PS
134.521         6.99                  
134.269         6.61                  
> PA-CL
148.694         3.137                 
148.668         2.629                 
148.684         2.058                 
148.7           1.487                 
149.112         0.406                 
149.191         -0.143                
149.251         -0.397                
> CL-NB 
142.246         -2.693                
142.394         -2.462                
142.922         -1.454                
143.26          -1.16                 
143.808         -0.951                
144.357         -0.742                
145.033         -0.534                
145.497         -0.473                
145.919         -0.349                
146.595         -0.29                 
147.059         -0.294                
147.354         -0.275                
147.859         -0.426                
148.344         -0.409                
148.724         -0.392                
148.913         -0.457                
> PA-NB 
149.27          -0.65                 
149.481         -0.818                
149.769         -1.005                
150.023         -1.021                
150.344         -1.123                
150.717         -1.224                
151.089         -1.308                
151.427         -1.46                 
151.816         -1.646                
152.155         -1.865                
152.578         -2.134                
152.916         -2.15                 
153.119         -2.2                  
153.39          -2.436                
153.542         -2.604                
153.711         -2.688                
153.882         -3.041                
154.035         -3.327                
154.359         -3.948                
154.7           -4.283                
154.533         -6.423                
154.73          -6.858                
> NB-MN
150.732         -3.295                
150.789         -3.329                
150.982         -3.419                
151.021         -3.476                
151.095         -3.547                
151.142         -3.587                
151.204         -3.602                
151.25          -3.607                
> MN-SB
149.817         -3.617                
149.872         -3.659                
> SB-WL
147.476         -7.103                
148.01          -7.312                
> BR-CR
174.503         -16.563               
175.107         -16.748               
175.381         -16.629               
175.487         -16.622               
175.612         -16.586               
175.893         -16.558               
> AU-CR
174.584         -22.17                
> BR-AU
176.184         -16.552               
177.4           -16.212               
> PA-BR
175.947         -13.422               
> EA-NZ
-112.934        -22.407               
-113.28         -22.223               
-113.61         -22.126               
-113.906        -22.102               
-114.125        -22.106               
> JZ-PA
-112.151        -32.343               
-112.504        -33.65                
> JZ-NZ
-109.206        -32.661               
-109.435        -32.4                 
-109.791        -32.115               
-110.21         -31.92                
-110.687        -31.715               
-111.202        -31.564               
-111.66         -31.556               
> GP-NZ
-100.974        1.832                 
-101.049        1.906                 
-101.149        1.98                  
-101.27         2.049                 
-101.356        2.104                 
-101.438        2.16                  
> SC-SA
-29.489         -55.033               
-30.906         -54.822               
-32.367         -54.585               
-33.691         -55.605               
-36.108         -55.642               
-36.846         -55.215               
-38.715         -54.853               
-39.711         -54.633               
-40.66          -54.397               
-41.597         -54.154               
-42.41          -53.88                
-43.213         -53.6                 
-44.209         -53.27                
-45.191         -52.931               
-46.414         -52.83                
-47.663         -52.691               
> SC-AN
-42.067         -60.501               
-39.827         -60.634               
> AR-IN
60.215          18.24                 
60.456          18.798                
60.712          19.306                
62.096          21.425                
> IN-AR
60.215          18.24                 
60.062          17.458                
60.02           16.713                
59.964          16.142                
> AF-SO
32.125          -46.998               
32.663          -46.191               
33.171          -45.382               
33.678          -44.561               
34.157          -43.747               
34.636          -42.931               
35.09           -42.103               
35.528          -41.254               
35.955          -40.403               
36.371          -39.55                
36.777          -38.696               
37.174          -37.84                
37.562          -36.984               
36.721          -36.433               
35.892          -35.876               
35.075          -35.314               
34.269          -34.746               
> PM-CA
-76.924         9.376                 
-77.083         9.631                 
-77.291         9.9                   
-77.499         10.099                
-77.679         10.27                 
-77.922         10.432                
-78.129         10.547                
-78.229         10.615                
-78.427         10.639                
-78.745         10.653                
-78.97          10.58                 
-79.151         10.479                
-79.234         10.415                
-79.432         10.431                
-79.748         10.389                
-80.105         10.305                
-80.365         10.271                
-80.636         10.154                
-80.879         10.058                
-81.079         9.935                 
-81.306         9.778                 
-81.469         9.587                 
> NZ-PM
-80.25          7.133                 
-80.363         7.221                 
-82.09          6.967                 
-82.125         7.008                 
-82.202         7.041                 
-82.273         7.129                 
-82.339         7.251                 
-82.748         7.283                 
-82.811         7.303                 