> 01 CSN
 121.39094  25.01825
 121.40292  25.02341
 121.40787  25.02981
 121.41263  25.03516
 121.41911  25.04674
 121.42578  25.05815
 121.43112  25.06870
 121.43303  25.07267
 121.43704  25.08253
 121.44391  25.09688
 121.45078  25.11140
 121.45346  25.11606
 121.45555  25.11848
> 01 CSN
 121.49258  25.16798
 121.50562  25.18354
 121.52003  25.19004
 121.54167  25.19978
 121.56089  25.20735
 121.57650  25.21165
 121.58846  25.21685
> 01 CSN
 121.62605  25.24061
 121.61815  25.23620
 121.60820  25.23027
 121.60012  25.22525
 121.59308  25.22007
 121.58846  25.21685
> 01 CSN
 121.49046  25.16443
 121.48436  25.15925
 121.47711  25.15252
 121.47235  25.14942
 121.46319  25.13542
 121.45746  25.12384
 121.45498  25.11814
> 02 SCO
 121.43770  25.07373
 121.43551  25.07118
 121.43301  25.06664
 121.42957  25.06068
 121.42738  25.05585
 121.42582  25.05245
 121.42269  25.04791
 121.41800  25.04024
 121.41550  25.03598
 121.41082  25.02747
 121.40524  25.01829
 121.40485  25.01725
> 02 SCO
 121.44680  25.10306
 121.44646  25.09560
 121.44489  25.08992
 121.44364  25.08509
 121.44145  25.08140
 121.43864  25.07686
 121.43770  25.07373
> 03 NKN
 121.26019  25.11901
 121.26212  25.11428
 121.26557  25.10698
 121.26842  25.10072
 121.27050  25.09536
 121.27180  25.09209
 121.27395  25.08917
 121.27610  25.08520
 121.27856  25.07984
 121.28017  25.07678
 121.28178  25.07310
 121.28271  25.07038
 121.28348  25.06809
 121.28655  25.06141
 121.29093  25.05188
 121.29324  25.04652
 121.29500  25.04325
 121.29715  25.03887
 121.29975  25.03490
 121.30489  25.02593
 121.30911  25.01785
 121.31424  25.01083
 121.31669  25.00631
 121.31999  25.00067
 121.32029  25.00011
> 04 SLP
 121.19440  24.96404
 121.18962  24.96321
 121.18515  24.96260
 121.18030  24.96218
 121.17644  24.96157
 121.17424  24.96149
 121.17159  24.96081
 121.16946  24.96122
 121.16651  24.96094
 121.16355  24.96039
 121.15468  24.95902
 121.14893  24.95710
 121.14242  24.95294
 121.14045  24.95117
 121.13871  24.94845
 121.13660  24.94572
 121.13478  24.94354
 121.13365  24.94129
 121.13153  24.93911
 121.12919  24.93713
 121.12624  24.93502
> 05 HKO
 121.24565  24.91399
 121.23867  24.91337
 121.23504  24.91269
 121.23337  24.91276
 121.23064  24.91228
 121.22488  24.91159
 121.22019  24.91104
 121.21716  24.91009
 121.21488  24.91015
 121.20973  24.90967
 121.20367  24.90933
 121.19874  24.90905
 121.19488  24.90857
 121.19018  24.90850
 121.18442  24.90883
 121.17988  24.90896
 121.17048  24.90861
 121.16351  24.90812
 121.15699  24.90709
 121.15449  24.90668
 121.15184  24.90572
 121.14760  24.90395
 121.14375  24.90251
 121.14086  24.90169
 121.13762  24.90005
 121.13492  24.89906
 121.13203  24.89775
 121.12897  24.89660
 121.12501  24.89577
 121.12176  24.89577
 121.11744  24.89495
 121.11473  24.89495
 121.11167  24.89479
 121.10933  24.89446
 121.10769  24.89463
 121.10406  24.89524
 121.09943  24.89509
 121.09489  24.89379
 121.09209  24.89256
 121.09050  24.89127
 121.08853  24.89051
 121.08500  24.88952
 121.08176  24.88886
 121.07924  24.88821
 121.07527  24.88738
 121.07089  24.88674
 121.06711  24.88578
 121.06484  24.88448
 121.06032  24.88310
 121.05708  24.88195
 121.05312  24.88096
 121.04825  24.88129
 121.04339  24.88079
 121.03576  24.87986
 121.03197  24.88087
 121.02893  24.88134
> 06 TPT
 121.12513  24.72420
 121.12710  24.72478
 121.12828  24.72569
 121.12968  24.72691
 121.13170  24.72852
 121.13250  24.72921
 121.13457  24.73001
 121.13815  24.73111
 121.13955  24.73272
 121.14076  24.73441
 121.14221  24.73592
 121.14404  24.73753
 121.14648  24.73953
 121.14793  24.74105
 121.14863  24.74183
 121.15049  24.74517
 121.15169  24.74811
 121.15266  24.75031
 121.15284  24.75152
 121.15375  24.75498
 121.15473  24.75710
 121.15598  24.75887
 121.15780  24.76177
 121.15847  24.76425
 121.15936  24.76693
 121.16088  24.77010
 121.16263  24.77339
 121.16433  24.77538
 121.16660  24.77837
 121.16887  24.78128
 121.17118  24.78418
 121.17331  24.78665
 121.17596  24.78916
 121.17908  24.79151
 121.18078  24.79311
 121.18352  24.79645
 121.18778  24.80165
 121.19057  24.80446
 121.19218  24.80594
 121.19308  24.80732
 121.19483  24.80893
 121.19691  24.81084
 121.19880  24.81222
 121.20117  24.81357
 121.20301  24.81465
 121.20410  24.81513
 121.20646  24.81604
 121.20916  24.81713
 121.21252  24.81804
 121.21715  24.81904
 121.22174  24.81935
 121.22543  24.81944
 121.22893  24.81858
 121.23517  24.81651
 121.23559  24.81633
> 06 TPT
 121.01207  24.68816
 121.01467  24.68951
 121.01745  24.69051
 121.02019  24.69164
 121.02369  24.69317
 121.02539  24.69382
 121.02898  24.69534
 121.03011  24.69574
 121.03341  24.69717
 121.03700  24.69809
 121.03960  24.69896
 121.04267  24.69988
 121.04433  24.70036
 121.04754  24.70166
 121.04914  24.70253
 121.05061  24.70327
 121.05453  24.70484
 121.05632  24.70536
 121.05788  24.70567
 121.05996  24.70554
 121.06171  24.70572
 121.06317  24.70607
 121.06445  24.70651
 121.06596  24.70751
 121.06709  24.70798
 121.06908  24.70877
 121.07106  24.70977
 121.07233  24.71068
 121.07389  24.71129
 121.07658  24.71333
 121.07852  24.71463
 121.08079  24.71645
 121.08154  24.71702
 121.08343  24.71784
 121.08457  24.71858
 121.08740  24.72010
 121.09009  24.72097
 121.09236  24.72171
 121.09458  24.72215
 121.09775  24.72246
 121.10375  24.72256
 121.11022  24.72240
 121.11306  24.72240
 121.11580  24.72228
 121.11674  24.72219
 121.11929  24.72237
 121.12180  24.72298
 121.12506  24.72411
> 07 HCU
 120.92436  24.78995
 120.92812  24.79069
 120.93068  24.79109
 120.93523  24.79221
 120.93949  24.79372
 120.94652  24.79635
 120.95007  24.79643
 120.95406  24.79607
 120.95876  24.79525
 120.96488  24.79574
 120.96673  24.79601
 120.97163  24.79688
 120.97667  24.79942
 120.98149  24.80210
 120.98674  24.80361
 120.98945  24.80395
 120.99236  24.80416
> 08 HCG
 121.04238  24.78740
 121.04593  24.78966
 121.04913  24.79072
 121.05243  24.79137
 121.05559  24.79146
 121.05997  24.79151
 121.06537  24.79160
 121.07016  24.79110
 121.07082  24.79092
> 08 HCG
 121.04238  24.78735
 121.03908  24.78551
 121.03180  24.77979
 121.02729  24.77675
 121.02257  24.77416
 121.01902  24.77236
 121.01587  24.77199
 121.01319  24.76987
 121.01085  24.76853
 121.00860  24.76715
 121.00061  24.76346
 120.99775  24.76140
 120.99499  24.75968
 120.99240  24.75769
 120.99069  24.75660
 120.98853  24.75572
 120.98178  24.75229
 120.98031  24.75141
 120.97845  24.74980
> 08 HCG
 120.94058  24.72402
 120.93670  24.72032
 120.93436  24.71743
 120.93244  24.71578
 120.92911  24.71338
 120.92428  24.71098
 120.92063  24.70790
> 08 HCG
 120.97845  24.74982
 120.97660  24.74731
 120.97549  24.74589
 120.97425  24.74497
 120.97357  24.74428
 120.97271  24.74303
 120.97204  24.74167
 120.97068  24.74018
 120.96777  24.73823
 120.96584  24.73720
 120.96380  24.73599
 120.96199  24.73529
 120.96100  24.73489
 120.95833  24.73322
 120.95411  24.73137
 120.94944  24.73025
 120.94689  24.72898
 120.94410  24.72714
 120.94169  24.72502
 120.94039  24.72394
> 08 HCG
 121.07087  24.79092
 121.07174  24.79083
 121.07347  24.79069
 121.07572  24.79069
 121.07734  24.79092
 121.07999  24.79129
 121.08202  24.79171
 121.08487  24.79258
 121.08812  24.79332
 121.09041  24.79387
 121.09260  24.79461
 121.09478  24.79503
 121.09712  24.79549
 121.09987  24.79581
 121.10232  24.79554
 121.10425  24.79563
 121.10573  24.79568
 121.10848  24.79641
 121.10990  24.79706
 121.11224  24.79771
 121.11412  24.79807
 121.11615  24.79817
 121.11840  24.79780
 121.12151  24.79706
 121.12667  24.79559
 121.13009  24.79472
 121.13555  24.79329
 121.14019  24.79209
 121.14254  24.79149
 121.14433  24.79085
 121.14750  24.78924
 121.15169  24.78735
 121.15578  24.78528
 121.15869  24.78348
 121.16325  24.78053
 121.16509  24.77938
> 09 CTG
 120.99684  24.68258
 120.99935  24.68469
 121.00063  24.68578
 121.00237  24.68669
 121.00492  24.68769
 121.00710  24.68847
 121.00965  24.68972
 121.01253  24.69159
 121.01371  24.69254
 121.01683  24.69454
 121.01891  24.69597
 121.02212  24.69809
 121.02566  24.70087
 121.02821  24.70295
 121.03143  24.70512
 121.03374  24.70651
 121.03624  24.70768
 121.03809  24.70846
 121.04121  24.70954
 121.04409  24.71028
 121.04584  24.71097
 121.04843  24.71275
 121.05032  24.71357
 121.05245  24.71417
 121.05533  24.71474
 121.05798  24.71547
 121.05996  24.71629
 121.06157  24.71742
 121.06280  24.71903
 121.06403  24.72037
 121.06592  24.72171
 121.06757  24.72267
 121.06965  24.72362
 121.07244  24.72501
 121.07315  24.72557
 121.07381  24.72566
> 10 THP
 121.00762  24.68423
 121.00602  24.68353
 121.00465  24.68301
 121.00267  24.68245
 121.00116  24.68206
 120.99879  24.68210
 120.99530  24.68245
 120.99223  24.68279
 120.98953  24.68288
 120.98481  24.68262
 120.98240  24.68266
 120.97730  24.68310
 120.97446  24.68327
 120.97295  24.68314
 120.96917  24.68270
 120.96511  24.68279
 120.95935  24.68344
 120.95538  24.68396
 120.95141  24.68383
 120.94654  24.68361
 120.94385  24.68352
 120.94305  24.68348
 120.94097  24.68413
 120.93927  24.68496
 120.93766  24.68557
 120.93572  24.68561
 120.93270  24.68578
 120.92878  24.68622
 120.92490  24.68656
 120.92088  24.68726
 120.91890  24.68752
 120.91441  24.68795
 120.90973  24.68843
 120.90344  24.68925
 120.90344  24.68925
> 11 STN
 120.97347  24.62100
 120.97136  24.61918
 120.96958  24.61610
 120.96756  24.61421
 120.96491  24.61097
 120.96349  24.60891
 120.96261  24.60678
 120.96075  24.60385
 120.95915  24.60101
 120.95650  24.59690
 120.95447  24.59453
 120.95350  24.59382
 120.95129  24.59002
 120.95032  24.58805
 120.94890  24.58567
 120.94775  24.58425
 120.94687  24.58251
 120.94501  24.58054
 120.94378  24.57840
 120.94245  24.57706
 120.94219  24.57627
 120.93884  24.57295
 120.93689  24.57035
 120.93548  24.56742
 120.93248  24.56355
 120.93053  24.56086
 120.92814  24.55501
 120.92725  24.55343
 120.92575  24.55098
 120.92442  24.54805
 120.92327  24.54607
 120.92248  24.54489
 120.92010  24.54260
 120.91763  24.53975
 120.91717  24.53477
 120.91724  24.53231
> 12 SCS
 120.94327  24.54467
 120.94564  24.54514
 120.94687  24.54648
 120.94697  24.54862
 120.94733  24.55004
 120.94743  24.55337
 120.94840  24.55392
 120.95095  24.55494
 120.95130  24.55645
 120.95219  24.55850
 120.95405  24.56071
 120.95423  24.56206
 120.95432  24.56269
 120.95520  24.56332
 120.95661  24.56443
 120.95802  24.56720
 120.95829  24.56767
 120.95970  24.56798
 120.96049  24.56877
 120.96049  24.56941
 120.96032  24.56996
 120.96058  24.57036
 120.96111  24.57059
 120.96138  24.57170
 120.96113  24.57415
 120.96131  24.57503
 120.96202  24.57637
 120.96202  24.57748
 120.96194  24.57811
 120.96309  24.57938
 120.96450  24.58183
 120.96451  24.58286
 120.96548  24.58483
 120.96787  24.58783
 120.96919  24.58973
 120.96973  24.59234
 120.96965  24.59472
 120.96992  24.59583
 120.97134  24.59828
 120.97179  24.59986
 120.97249  24.60081
 120.97241  24.60207
 120.97330  24.60366
 120.97444  24.60500
 120.97471  24.60595
 120.97481  24.60745
 120.97578  24.60840
 120.97639  24.60840
 120.97683  24.60840
 120.97851  24.60974
 120.97895  24.60997
 120.97965  24.61060
> 13 SYI
 120.73555  24.35050
 120.73466  24.35531
 120.73427  24.36003
 120.73457  24.36220
 120.73556  24.36538
 120.73636  24.36810
 120.73745  24.37154
 120.73894  24.37472
 120.74053  24.37843
 120.74261  24.38260
 120.74528  24.38799
 120.74820  24.39194
 120.75395  24.39839
 120.76005  24.40614
 120.76329  24.40953
 120.76611  24.41226
 120.76795  24.41304
 120.76993  24.41396
 120.77205  24.41358
 120.77418  24.41255
 120.77532  24.41177
 120.77759  24.41126
 120.77944  24.41061
 120.78100  24.40958
 120.78214  24.40855
 120.78399  24.40738
 120.78654  24.40635
 120.78725  24.40597
 120.78810  24.40610
 120.79135  24.40682
 120.79472  24.40710
 120.79773  24.40691
 120.80085  24.40549
 120.80386  24.40319
 120.80613  24.39992
 120.80745  24.39695
 120.81000  24.39558
> 13 SYI
 120.73565  24.35032
 120.73643  24.34351
 120.73702  24.33915
 120.73830  24.33452
 120.73929  24.33080
 120.73857  24.32670
 120.73948  24.32427
 120.73859  24.32137
 120.73829  24.31946
 120.73759  24.31665
 120.73700  24.31320
 120.73699  24.31003
 120.73739  24.30694
 120.73758  24.30531
 120.73768  24.30367
 120.73827  24.30159
 120.73926  24.29922
 120.73965  24.29759
 120.73817  24.29532
 120.73648  24.29315
 120.73602  24.29141
 120.73559  24.28952
 120.73667  24.28516
> 14 TCA
 120.63528  24.36781
 120.63329  24.36543
 120.63180  24.36329
 120.62890  24.35938
 120.62691  24.35647
 120.62516  24.35470
 120.62226  24.35133
 120.61977  24.34880
 120.61836  24.34665
 120.61454  24.34228
 120.61255  24.34044
 120.61089  24.33898
 120.60883  24.33714
 120.60797  24.33623
 120.60674  24.33491
 120.60458  24.33245
 120.60267  24.33008
> 15 TCS
 120.61380  24.32461
 120.60991  24.31947
 120.60668  24.31334
 120.60297  24.30530
 120.59941  24.29978
 120.59486  24.29365
 120.58440  24.28336
 120.58320  24.28178
 120.58225  24.28053
 120.58106  24.27908
 120.57553  24.27415
 120.57146  24.27001
 120.56994  24.26843
 120.56790  24.26632
 120.56450  24.26149
 120.56128  24.25621
> 15 TCS
 120.61380  24.32453
 120.61728  24.32885
 120.62337  24.33507
 120.62741  24.33911
 120.63281  24.34517
 120.63530  24.34747
 120.63986  24.35276
 120.64343  24.35683
 120.64675  24.36058
 120.64816  24.36265
 120.65023  24.36579
 120.65322  24.36978
> 16 TTC
 120.59475  24.26942
 120.59964  24.26909
 120.60459  24.26935
 120.60855  24.26973
 120.61273  24.27037
 120.61704  24.27121
 120.62164  24.27224
 120.62744  24.27431
 120.63218  24.27593
 120.63806  24.27735
 120.64542  24.27909
 120.65271  24.28148
 120.65596  24.28245
 120.65844  24.28497
 120.66332  24.28672
 120.66651  24.28827
 120.66821  24.28995
 120.67132  24.29313
 120.67677  24.29422
 120.68307  24.29590
 120.68541  24.29635
 120.69524  24.29983
 120.70324  24.30345
 120.70586  24.30410
 120.71068  24.30850
 120.71507  24.31121
 120.71981  24.31458
 120.72852  24.31793
 120.73320  24.32195
 120.73469  24.32330
 120.73759  24.32479
> 17 CHS
 120.55571  24.24992
 120.55153  24.23821
 120.55062  24.23621
 120.54960  24.23399
 120.54881  24.23199
 120.54836  24.23083
 120.54813  24.22998
 120.54791  24.22956
 120.54711  24.22808
 120.54666  24.22639
 120.54610  24.22471
 120.54542  24.22302
 120.54474  24.22080
 120.54441  24.21964
 120.54373  24.21775
 120.54282  24.21532
 120.54203  24.21342
 120.54193  24.21184
 120.54148  24.21015
 120.54125  24.20868
 120.54069  24.20699
 120.54058  24.20625
 120.53990  24.20383
 120.53946  24.20214
 120.53900  24.20108
 120.53890  24.19950
 120.53867  24.19834
 120.53868  24.19676
 120.53835  24.19518
 120.53813  24.19349
 120.53779  24.19212
 120.53768  24.19054
 120.53758  24.18875
 120.53747  24.18738
 120.53725  24.18517
 120.53692  24.18338
 120.53659  24.18095
 120.53660  24.17948
 120.53615  24.17769
 120.53547  24.17600
 120.53514  24.17399
 120.53469  24.17168
 120.53368  24.16756
 120.53346  24.16567
 120.53290  24.16292
 120.53291  24.16145
 120.53225  24.15671
 120.53226  24.15449
 120.53216  24.15302
 120.53230  24.14754
 120.53232  24.14459
 120.53233  24.14291
 120.53222  24.14133
 120.53257  24.13964
 120.53258  24.13796
> 17 CHS
 120.55568  24.25007
 120.55863  24.25659
 120.56349  24.26677
 120.56818  24.27521
 120.57321  24.28332
 120.58137  24.29589
 120.58432  24.30177
 120.58831  24.30893
 120.59196  24.31402
> 18 CHA
 120.59890  23.81529
 120.59864  23.81868
 120.59887  23.82305
 120.59759  23.83198
 120.59567  23.83824
 120.59599  23.84798
 120.59824  23.85286
 120.59961  23.86062
 120.60080  23.86888
 120.60128  23.87230
 120.60261  23.88455
 120.60295  23.89305
 120.60356  23.89861
 120.60326  23.90613
 120.60417  23.91420
 120.60417  23.92060
 120.60021  23.92616
 120.59595  23.93061
 120.59199  23.93896
 120.58865  23.95065
 120.58865  23.96011
> 18 CHA
 120.53501  24.11541
 120.53536  24.11279
 120.53583  24.11058
 120.53607  24.10847
 120.53631  24.10710
 120.53632  24.10531
 120.53633  24.10331
 120.53633  24.10205
 120.53634  24.10036
 120.53635  24.09878
 120.53659  24.09762
 120.53659  24.09625
 120.53650  24.09204
 120.53640  24.09035
 120.53640  24.08909
 120.53642  24.08709
 120.53654  24.08582
 120.53679  24.08151
 120.53703  24.07972
 120.53739  24.07750
 120.53739  24.07592
 120.53740  24.07445
 120.53741  24.07361
 120.53777  24.07003
 120.53766  24.06855
 120.53779  24.06581
 120.53799  24.05159
 120.53846  24.04885
 120.53859  24.04612
 120.53906  24.04380
 120.53942  24.04106
 120.54035  24.03896
 120.54059  24.03738
 120.54071  24.03654
 120.54272  24.03364
 120.54539  24.02982
 120.54768  24.02635
 120.55132  24.02253
> 18 CHA
 120.58834  23.96038
 120.58895  23.96706
 120.58652  23.97680
 120.58469  23.98237
 120.58195  23.98737
 120.57890  23.99016
 120.57626  23.99386
 120.57255  24.00149
 120.56540  24.00936
 120.56059  24.01500
 120.55681  24.01877
 120.55132  24.02316
> 19 CLP
 120.68630  24.00852
 120.68624  24.00769
 120.68603  24.00730
 120.68560  24.00676
 120.68528  24.00613
 120.68533  24.00550
 120.68560  24.00477
 120.68581  24.00486
 120.68581  24.00399
 120.68581  24.00355
 120.68591  24.00311
 120.68645  24.00311
 120.68645  24.00291
 120.68634  24.00243
 120.68543  24.00199
 120.68442  24.00165
 120.68325  24.00156
 120.68245  24.00069
 120.68186  23.99860
 120.68149  23.99636
 120.68138  23.99606
 120.68175  23.99538
 120.68159  23.99334
 120.68174  23.99275
 120.68169  23.99051
 120.68137  23.98968
 120.68142  23.98876
 120.68152  23.98822
 120.68227  23.98783
 120.68227  23.98734
 120.68200  23.98686
 120.68173  23.98642
 120.68157  23.98579
 120.68163  23.98515
 120.68162  23.98501
 120.68162  23.98486
 120.68035  23.98336
 120.68013  23.98199
 120.68061  23.98097
 120.68082  23.98043
 120.68124  23.98033
 120.68234  23.98066
 120.68236  23.98067
 120.68295  23.97970
 120.68374  23.97887
 120.68427  23.97799
 120.68438  23.97750
 120.68406  23.97662
 120.68390  23.97604
 120.68395  23.97555
 120.68475  23.97492
 120.68506  23.97419
 120.68501  23.97321
 120.68437  23.97205
 120.68378  23.97141
 120.68373  23.97059
 120.68346  23.96952
 120.68213  23.96816
 120.68133  23.96792
 120.68085  23.96753
 120.68026  23.96675
 120.68026  23.96626
 120.68021  23.96597
 120.67968  23.96519
 120.67930  23.96408
 120.67940  23.96232
 120.67972  23.96169
 120.67983  23.96115
 120.68062  23.96027
 120.68073  23.95944
 120.68238  23.95783
 120.68333  23.95754
 120.68386  23.95758
 120.68402  23.95748
 120.68413  23.95700
 120.68439  23.95666
 120.68524  23.95617
 120.68620  23.95504
 120.68875  23.95255
 120.68901  23.95172
 120.68912  23.95060
 120.69098  23.94962
 120.69295  23.94961
 120.69385  23.94873
 120.69401  23.94761
 120.69443  23.94712
 120.69512  23.94547
 120.69735  23.94361
 120.69793  23.94317
 120.69740  23.94229
 120.69719  23.94137
 120.69766  23.94073
 120.69756  23.93995
 120.69707  23.93825
 120.69718  23.93718
 120.69850  23.93581
 120.70036  23.93425
 120.70057  23.93274
 120.70094  23.93122
 120.70174  23.92981
 120.70083  23.92845
 120.69950  23.92675
 120.69886  23.92437
 120.69896  23.92315
 120.69959  23.92159
 120.69991  23.92027
 120.69874  23.91950
 120.69810  23.91916
 120.69778  23.91867
 120.69655  23.91570
 120.69650  23.91483
 120.69708  23.91312
 120.69670  23.91171
 120.69681  23.91074
 120.69713  23.91020
 120.69718  23.90864
 120.69739  23.90708
 120.69776  23.90572
 120.69839  23.90343
 120.69855  23.90226
 120.69977  23.89962
 120.70061  23.89782
 120.70189  23.89596
 120.70517  23.89089
 120.70538  23.89001
 120.70628  23.88864
 120.70623  23.88796
 120.70623  23.88723
 120.70591  23.88655
 120.70654  23.88460
 120.70697  23.88435
> 19 CLP
 120.70097  23.80857
 120.70134  23.80744
 120.70240  23.80650
 120.70298  23.80605
 120.70346  23.80571
 120.70346  23.80536
 120.70452  23.80423
 120.70510  23.80369
 120.70510  23.80315
 120.70488  23.80222
 120.70477  23.80173
 120.70509  23.80085
 120.70503  23.80031
 120.70423  23.79963
 120.70375  23.79816
 120.70385  23.79694
 120.70438  23.79625
 120.70470  23.79610
 120.70453  23.79561
 120.70384  23.79498
 120.70304  23.79479
 120.70219  23.79440
 120.70182  23.79406
 120.70049  23.79363
 120.69990  23.79310
 120.69974  23.79232
 120.70047  23.79001
 120.70137  23.78804
 120.70227  23.78735
 120.70200  23.78633
 120.70210  23.78393
 120.70172  23.78261
 120.70156  23.78138
 120.70166  23.78070
 120.70240  23.77932
 120.70271  23.77868
 120.70223  23.77790
 120.70111  23.77688
 120.69983  23.77537
 120.69940  23.77435
 120.69929  23.77312
 120.69961  23.77185
 120.70040  23.77052
 120.70050  23.76939
 120.70113  23.76836
 120.70118  23.76699
 120.70118  23.76606
 120.70149  23.76513
 120.70192  23.76483
 120.70197  23.76424
 120.70149  23.76361
 120.69962  23.76225
 120.69653  23.75919
 120.69466  23.75685
 120.69445  23.75617
 120.69497  23.75450
 120.69481  23.75352
 120.69496  23.75102
 120.69505  23.74911
 120.69425  23.74755
 120.69372  23.74711
 120.69319  23.74702
 120.69255  23.74575
 120.69169  23.74488
 120.69041  23.74307
> 19 CLP
 120.72759  24.10331
 120.72676  24.10208
 120.72661  24.10085
 120.72758  24.09871
 120.72854  24.09784
 120.72766  24.09579
 120.72711  24.09476
 120.72832  24.09144
 120.72878  24.09032
 120.72885  24.08929
 120.72818  24.08893
 120.72695  24.08882
 120.72544  24.08881
 120.72427  24.08824
 120.72310  24.08742
 120.72198  24.08782
 120.72136  24.08833
 120.71918  24.08826
 120.71723  24.08723
 120.71673  24.08681
 120.71606  24.08620
 120.71590  24.08579
 120.71546  24.08507
 120.71501  24.08460
 120.71486  24.08327
 120.71447  24.08271
 120.71454  24.08178
 120.71454  24.08143
 120.71371  24.08076
 120.71367  24.07948
 120.71339  24.07886
 120.71306  24.07865
 120.71278  24.07865
 120.71239  24.07803
 120.71106  24.07731
 120.70910  24.07668
 120.70755  24.07560
 120.70650  24.07452
 120.70611  24.07380
 120.70349  24.07286
 120.70154  24.07244
 120.69958  24.07243
 120.69757  24.07180
 120.69656  24.07180
 120.69506  24.07086
 120.69385  24.06896
 120.69460  24.06712
 120.69605  24.06698
 120.69633  24.06673
 120.69584  24.06549
 120.69596  24.06508
 120.69602  24.06427
 120.69631  24.06340
 120.69626  24.06335
> 19 CLP
 120.75925  24.28511
 120.75855  24.28667
 120.75792  24.28694
 120.75742  24.28675
 120.75720  24.28559
 120.75677  24.28488
 120.75598  24.28424
 120.75541  24.28308
 120.75448  24.28277
 120.75257  24.28214
 120.75164  24.28157
 120.75143  24.28093
 120.75085  24.28029
 120.75014  24.27952
 120.74971  24.27881
 120.74977  24.27765
 120.74955  24.27733
 120.74849  24.27675
 120.74749  24.27592
 120.74570  24.27316
 120.74483  24.27130
 120.74412  24.27072
 120.74317  24.26827
 120.74259  24.26666
 120.74081  24.26532
 120.73903  24.26353
 120.73824  24.26205
 120.73752  24.26083
 120.73659  24.25968
 120.73630  24.25884
 120.73727  24.25663
 120.73726  24.25579
 120.73662  24.25541
 120.73541  24.25439
 120.73498  24.25355
 120.73490  24.25323
 120.73440  24.25252
 120.73205  24.25093
 120.73141  24.25023
 120.72885  24.24851
 120.72743  24.24781
 120.72658  24.24775
 120.72608  24.24776
 120.72521  24.24499
 120.72455  24.24286
 120.72503  24.24079
 120.72572  24.23845
 120.72613  24.23683
 120.72619  24.23664
> 19 CLP
 120.72637  24.21718
 120.72700  24.21607
 120.72607  24.21492
 120.72486  24.21428
 120.72385  24.21229
 120.72347  24.20938
 120.72359  24.20712
 120.72357  24.20499
 120.72321  24.20434
 120.72362  24.20253
 120.72410  24.20130
 120.72402  24.20046
 120.72366  24.19956
 120.72366  24.19917
 120.72288  24.19879
 120.72082  24.19810
 120.72004  24.19759
 120.71940  24.19675
 120.71910  24.19546
 120.71973  24.19475
 120.72085  24.19331
 120.72148  24.19279
 120.72154  24.19169
 120.72153  24.19059
 120.72208  24.18916
 120.72270  24.18722
 120.72345  24.18443
 120.72450  24.18332
 120.72527  24.18189
 120.72547  24.18040
> 19 CLP
 120.79993  24.28651
 120.79752  24.28672
 120.79398  24.28605
 120.79092  24.28453
 120.78978  24.28351
 120.78699  24.27998
 120.78176  24.28049
 120.78077  24.28056
 120.77723  24.27969
 120.77496  24.27965
 120.77347  24.27915
 120.77220  24.27910
 120.77043  24.27860
 120.76562  24.27839
 120.76484  24.27840
> 19 CLP
 120.69393  24.05529
 120.69249  24.05421
 120.69210  24.05395
 120.69143  24.05369
 120.69093  24.05333
 120.69071  24.05292
 120.69066  24.05256
 120.69082  24.05312
 120.69009  24.05322
 120.68925  24.05337
 120.68853  24.05311
 120.68741  24.05264
 120.68669  24.05197
 120.68597  24.05125
 120.68593  24.04977
 120.68622  24.04839
 120.68685  24.04731
 120.68860  24.04620
 120.68978  24.04574
 120.69017  24.04529
 120.69029  24.04467
 120.69114  24.04370
 120.69137  24.04335
 120.69160  24.04273
 120.69065  24.04211
 120.69004  24.04155
 120.68960  24.04073
 120.68838  24.03995
 120.68777  24.03933
 120.68766  24.03882
 120.68784  24.03826
 120.68751  24.03739
 120.68713  24.03615
 120.68770  24.03529
 120.68821  24.03442
 120.68939  24.03366
 120.68894  24.03448
 120.68836  24.03591
> 19 CLP
 120.73206  24.13882
 120.73236  24.13662
 120.73220  24.13560
 120.73165  24.13477
 120.73158  24.13481
 120.73131  24.13493
 120.72974  24.13492
 120.72823  24.13496
 120.72695  24.13480
 120.72673  24.13439
 120.72622  24.13423
 120.72578  24.13402
 120.72573  24.13356
 120.72584  24.13305
 120.72596  24.13259
 120.72641  24.13213
 120.72743  24.13122
 120.72715  24.13060
 120.72716  24.12999
 120.72726  24.12928
 120.72728  24.12912
 120.72813  24.12840
 120.72875  24.12790
 120.72915  24.12703
 120.72944  24.12585
 120.72946  24.12416
 120.72969  24.12340
 120.72992  24.12294
 120.73093  24.12207
 120.73140  24.12044
 120.73193  24.11762
 120.73171  24.11670
 120.73133  24.11619
 120.73099  24.11593
 120.73034  24.11454
 120.73023  24.11408
 120.73075  24.11250
 120.73093  24.11112
> 19 CLP
 120.70012  23.86334
 120.69895  23.86315
 120.69853  23.86320
 120.69831  23.86291
 120.69869  23.86237
 120.69938  23.86188
 120.69964  23.86125
 120.70001  23.86095
 120.70028  23.86066
 120.70081  23.85915
 120.70080  23.85808
 120.70059  23.85778
 120.69926  23.85730
 120.69777  23.85663
 120.69692  23.85590
 120.69633  23.85478
 120.69628  23.85395
 120.69665  23.85356
 120.69718  23.85327
 120.69745  23.85317
 120.69729  23.85273
 120.69622  23.85244
 120.69574  23.85084
 120.69553  23.84996
 120.69542  23.84967
 120.69574  23.84928
 120.69584  23.84884
 120.69595  23.84753
 120.69610  23.84640
 120.69626  23.84416
 120.69588  23.84173
 120.69620  23.84105
 120.69785  23.83987
 120.70055  23.83830
 120.70124  23.83704
> 19 CLP
 120.70125  23.83706
 120.70193  23.83627
 120.70220  23.83588
 120.70198  23.83520
 120.70140  23.83466
 120.70118  23.83388
 120.70160  23.83295
 120.70181  23.83245
 120.70116  23.82977
 120.70116  23.82913
 120.70206  23.82716
 120.70226  23.82579
 120.70204  23.82173
 120.70198  23.82095
 120.70144  23.82017
 120.70102  23.81919
 120.70059  23.81802
 120.70026  23.81743
 120.70031  23.81626
 120.69972  23.81489
 120.69892  23.81372
 120.69812  23.81211
 120.69826  23.80883
 120.69837  23.80746
 120.69836  23.80697
 120.69884  23.80652
 120.69974  23.80603
 120.70102  23.80602
> 19 CLP
 120.72543  24.18046
 120.72533  24.17943
 120.72495  24.17820
 120.72467  24.17784
 120.72491  24.17708
 120.72565  24.17534
 120.72640  24.17319
 120.72652  24.17243
 120.72653  24.17156
 120.72636  24.17115
 120.72604  24.17007
 120.72604  24.16961
 120.72662  24.16823
 120.72719  24.16685
 120.72809  24.16650
 120.72844  24.16542
 120.72878  24.16420
 120.72918  24.16384
 120.73070  24.16308
 120.73205  24.16253
 120.73251  24.16161
 120.73319  24.16074
 120.73402  24.16090
 120.73493  24.16044
 120.73594  24.15932
 120.73640  24.15866
 120.73573  24.15809
 120.73468  24.15722
 120.73390  24.15634
 120.73335  24.15567
 120.73258  24.15444
> 19 CLP
 120.83621  24.30739
 120.83660  24.30467
 120.83616  24.30241
 120.83536  24.30087
 120.83458  24.30030
 120.83252  24.29909
 120.83080  24.29756
 120.82963  24.29369
 120.82763  24.29093
 120.82244  24.28840
> 19 CLP
 120.83051  24.31094
 120.82772  24.30748
 120.82426  24.30144
 120.82332  24.29906
 120.82033  24.29676
 120.82004  24.29670
> 19 CLP
 120.77251  24.28938
 120.76976  24.28973
 120.76700  24.29021
 120.76573  24.29061
 120.76510  24.29049
 120.76460  24.29017
 120.76375  24.29024
 120.76340  24.29050
 120.76170  24.29039
 120.76049  24.28969
 120.76033  24.28743
 120.76052  24.28562
 120.76066  24.28529
> 19 CLP
 120.68921  24.03530
 120.68973  24.03402
 120.69001  24.03361
 120.69020  24.03182
 120.69211  24.03086
 120.69228  24.03060
 120.69329  24.03015
 120.69296  24.02974
 120.69246  24.02958
 120.69162  24.02953
 120.69129  24.02916
 120.69073  24.02850
 120.69058  24.02716
 120.69020  24.02614
 120.68959  24.02531
 120.68983  24.02363
 120.68940  24.02224
> 19 CLP
 120.69738  24.06320
 120.69822  24.06249
 120.69750  24.06233
 120.69660  24.06237
 120.69604  24.06237
 120.69537  24.06206
 120.69403  24.06215
 120.69263  24.06179
 120.69219  24.06148
 120.69158  24.06142
 120.69135  24.06142
 120.69130  24.06081
 120.69159  24.05994
 120.69188  24.05902
 120.69223  24.05784
 120.69258  24.05616
 120.69275  24.05559
 120.69287  24.05539
> 19 CLP
 120.79998  24.27771
 120.79821  24.27741
 120.79665  24.27704
 120.79580  24.27640
 120.79444  24.27512
 120.79231  24.27411
 120.79061  24.27387
 120.78792  24.27415
> 19 CLP
 120.78648  24.28593
 120.78436  24.28628
 120.78401  24.28615
 120.78287  24.28539
 120.78195  24.28540
 120.78054  24.28600
 120.77772  24.28706
 120.77561  24.28773
 120.77462  24.28800
> 19 CLP
 120.76309  24.28036
 120.76132  24.28044
 120.75927  24.28059
 120.75871  24.28040
 120.75778  24.28002
 120.75665  24.27958
 120.75523  24.27947
 120.75424  24.27941
 120.75360  24.27942
 120.75240  24.27911
 120.75162  24.27892
> 19 CLP
 120.89165  24.29157
 120.89331  24.29017
 120.89415  24.28977
 120.89622  24.28744
 120.89729  24.28589
 120.89837  24.28441
 120.89986  24.28255
> 19 CLP
 120.68938  24.02357
 120.68872  24.02280
 120.68845  24.02208
 120.68830  24.01962
 120.68893  24.01876
 120.68960  24.01840
 120.69045  24.01805
 120.69122  24.01857
 120.69167  24.01898
 120.69161  24.01934
> 19 CLP
 120.68435  23.99328
 120.68446  23.99284
 120.68424  23.99006
 120.68424  23.98880
 120.68429  23.98841
 120.68445  23.98816
 120.68354  23.98715
 120.68344  23.98622
> 19 CLP
 120.71387  23.88024
 120.71360  23.87951
 120.71259  23.87898
 120.71222  23.87830
 120.71163  23.87786
 120.71089  23.87796
 120.71046  23.87830
 120.70988  23.87845
 120.70945  23.87845
 120.70850  23.87811
> 19 CLP
 120.69045  24.01805
 120.68946  24.01625
 120.68880  24.01527
 120.68893  24.01312
 120.68839  24.01164
 120.68827  24.01153
> 19 CLP
 120.78652  24.27565
 120.78037  24.27552
> 19 CLP
 120.68989  24.01779
 120.68879  24.01599
 120.68829  24.01507
 120.68859  24.01389
 120.68865  24.01328
 120.68816  24.01184
> 19 CLP
 120.73159  24.13483
 120.73158  24.13481
 120.73098  24.13416
 120.73032  24.13328
 120.72993  24.13272
 120.72904  24.13225
 120.72748  24.13122
> 19 CLP
 120.69029  23.73906
 120.69055  23.73842
 120.69044  23.73656
 120.69033  23.73563
 120.69027  23.73470
 120.68995  23.73333
> 19 CLP
 120.72350  24.13242
 120.72368  24.13130
 120.72424  24.13069
 120.72539  24.13041
 120.72548  24.13039
 120.72598  24.13013
 120.72643  24.12988
 120.72694  24.12952
 120.72726  24.12928
 120.72734  24.12922
> 19 CLP
 120.87642  24.30376
 120.87715  24.30151
 120.87898  24.29965
> 19 CLP
 120.68210  23.98530
 120.68210  23.98528
 120.68200  23.98462
 120.68200  23.98374
 120.68189  23.98306
 120.68210  23.98150
 120.68234  23.98066
 120.68236  23.98057
> 19 CLP
 120.68302  23.99129
 120.68270  23.99041
 120.68302  23.98924
 120.68280  23.98871
 120.68280  23.98798
 120.68323  23.98739
 120.68354  23.98715
> 19 CLP
 120.70205  23.87205
 120.70173  23.87142
 120.70184  23.87098
 120.70130  23.87025
 120.70125  23.86967
 120.70146  23.86923
 120.70183  23.86879
 120.70215  23.86825
> 19 CLP
 120.86167  24.30039
 120.85840  24.29810
 120.85847  24.29810
 120.85847  24.29804
> 19 CLP
 120.81321  24.29212
 120.81066  24.29228
 120.80925  24.29203
> 19 CLP
 120.68275  23.98788
 120.68285  23.98681
 120.68317  23.98564
 120.68296  23.98539
 120.68242  23.98535
 120.68210  23.98528
 120.68194  23.98525
 120.68162  23.98501
> 19 CLP
 120.73625  24.15072
 120.73592  24.15006
 120.73543  24.14923
 120.73471  24.14816
 120.73416  24.14728
> 19 CLP
 120.70802  23.87787
 120.70727  23.87739
 120.70695  23.87695
 120.70695  23.87641
 120.70679  23.87607
 120.70647  23.87583
 120.70610  23.87574
> 19 CLP
 120.72395  24.13237
 120.72423  24.13176
 120.72480  24.13115
 120.72525  24.13049
 120.72539  24.13041
 120.72587  24.13013
> 19 CLP
 120.69147  24.02707
 120.69125  24.02696
 120.69125  24.02758
 120.69140  24.02855
 120.69162  24.02922
 120.69195  24.02937
> 19 CLP
 120.70367  23.85617
 120.70309  23.85617
 120.70255  23.85598
 120.70234  23.85549
 120.70207  23.85481
> 19 CLP
 120.69992  23.84128
 120.70013  23.84040
 120.70077  23.83967
> 19 CLP
 120.68925  24.02024
 120.68947  24.02101
 120.69002  24.02163
> 19 CLP
 120.69734  23.85229
 120.69712  23.85176
 120.69670  23.85127
> 19 CLP
 120.70088  23.86835
 120.70024  23.86782
> 19 CLP
 120.72620  24.23670
 120.72625  24.23496
 120.72681  24.23392
 120.72594  24.23250
 120.72607  24.23089
 120.72549  24.22908
 120.72525  24.22637
 120.72544  24.22397
 120.72606  24.22190
 120.72597  24.22035
 120.72581  24.21835
 120.72623  24.21737
> 19 CLP
 120.69102  23.72855
 120.69156  23.72689
 120.69192  23.72573
 120.69255  23.72391
 120.69318  23.72291
 120.69471  23.72125
 120.69542  23.72008
 120.69569  23.71892
 120.69551  23.71735
 120.69505  23.71595
 120.69532  23.71528
 120.69577  23.71420
 120.69658  23.71329
> 19 CLP
 120.73098  24.11106
 120.73118  24.10830
 120.73137  24.10631
 120.73109  24.10574
 120.73059  24.10548
 120.72881  24.10481
 120.72826  24.10378
 120.72753  24.10336
> 19 CLP
 120.73410  24.14703
 120.73340  24.14487
 120.73269  24.14297
 120.73226  24.14046
 120.73206  24.13887
> 19 CLP
 120.70718  23.88391
 120.70792  23.88255
 120.70813  23.88182
 120.70808  23.88128
 120.70792  23.88055
 120.70765  23.88026
 120.70691  23.88021
 120.70632  23.87987
 120.70595  23.87934
 120.70563  23.87890
> 19 CLP
 120.70578  23.87569
 120.70461  23.87545
 120.70376  23.87492
 120.70312  23.87443
 120.70237  23.87322
 120.70216  23.87249
 120.70221  23.87263
> 19 CLP
 120.73263  24.15434
 120.73315  24.15291
 120.73400  24.15199
 120.73546  24.15118
 120.73619  24.15088
> 19 CLP
 120.82004  24.29657
 120.81634  24.29448
> 19 CLP
 120.70018  23.86782
 120.70008  23.86714
 120.70013  23.86655
 120.70018  23.86563
 120.70018  23.86504
 120.70044  23.86475
 120.70066  23.86416
 120.70044  23.86363
 120.70034  23.86353
> 19 CLP
 120.68989  23.73270
 120.68994  23.73118
 120.69004  23.73000
 120.69099  23.72853
> 19 CLP
 120.68811  24.01153
 120.68710  24.01127
 120.68655  24.01040
 120.68629  24.00871
> 19 CLP
 120.69025  23.74268
 120.68956  23.74156
 120.68950  23.74039
 120.69018  23.73935
> 19 CLP
 120.70576  23.97194
 120.70534  23.97459
 120.70530  23.97556
 120.70500  23.97622
 120.70470  23.97696
 120.70471  23.97883
 120.70484  23.97926
 120.70522  23.98000
 120.70510  23.98187
 120.70502  23.98556
 120.70528  23.98692
 120.70528  23.98856
 120.70520  23.98930
 120.70498  23.99012
 120.70504  23.99463
 120.70508  23.99759
 120.70509  23.99821
> 19 CLP
 120.70848  24.01614
 120.70814  24.01427
 120.70745  24.01287
 120.70728  24.01221
 120.70707  24.01116
 120.70694  24.00996
 120.70689  24.00836
 120.70676  24.00778
 120.70676  24.00505
 120.70663  24.00435
> 19 CLP
 120.70517  23.99860
 120.70551  24.00012
 120.70603  24.00132
 120.70645  24.00245
 120.70650  24.00315
 120.70658  24.00428
> 20 TMP
 120.79492  24.00007
 120.79493  23.99880
 120.79428  23.99646
 120.79137  23.99038
 120.79005  23.98931
 120.78492  23.98589
 120.78288  23.98375
 120.78076  23.98127
 120.77974  23.97860
 120.77807  23.97512
 120.77698  23.97184
 120.77611  23.96971
 120.77619  23.96830
 120.77664  23.96724
 120.77746  23.96577
 120.77791  23.96390
 120.77799  23.96163
 120.77785  23.96056
 120.77837  23.95983
 120.77874  23.95883
 120.77919  23.95649
 120.77891  23.95422
 120.77840  23.95288
 120.77680  23.95054
 120.77593  23.94854
 120.77601  23.94647
 120.77640  23.94173
 120.77679  23.93786
 120.77843  23.93412
 120.77970  23.92925
 120.77986  23.92711
 120.78009  23.92438
 120.78047  23.92237
 120.78151  23.91984
 120.78182  23.91770
 120.78169  23.91456
 120.78096  23.91236
 120.78032  23.90975
 120.78033  23.90621
 120.78006  23.90327
 120.78029  23.90080
 120.78052  23.89947
 120.78126  23.89767
 120.78266  23.89574
 120.78407  23.89440
 120.78672  23.89301
 120.78885  23.89215
 120.79033  23.89155
 120.79122  23.88915
 120.79189  23.88668
 120.79252  23.87800
 120.79269  23.87419
 120.79403  23.87019
 120.79493  23.86659
 120.79554  23.86345
 120.79584  23.86145
 120.79549  23.85764
 120.79530  23.85216
 120.79538  23.84969
 120.79569  23.84736
 120.79717  23.84489
 120.79953  23.84262
 120.80278  23.83996
 120.80440  23.83863
 120.80624  23.83710
 120.80926  23.83584
 120.81168  23.83477
 120.81375  23.83278
 120.81641  23.82918
 120.81739  23.82490
 120.81792  23.81990
 120.81794  23.81669
 120.81774  23.81268
 120.81593  23.80801
 120.81498  23.80547
 120.81236  23.80205
 120.81061  23.79965
 120.80827  23.79717
 120.80637  23.79616
 120.80447  23.79462
 120.80228  23.79255
 120.80052  23.79041
 120.79782  23.78733
 120.79557  23.78358
 120.79346  23.77977
 120.79230  23.77663
 120.79150  23.77463
 120.79137  23.77236
 120.79130  23.77055
 120.79132  23.76628
 120.79141  23.76374
 120.79262  23.75680
 120.79249  23.75326
 120.79273  23.74986
> 20 TMP
 120.86692  24.25006
 120.86638  24.24854
 120.86495  24.24349
 120.86367  24.23891
 120.86224  24.23407
 120.86086  24.23067
 120.85877  24.22692
 120.85448  24.22148
 120.85171  24.21778
 120.84890  24.21536
 120.84717  24.21405
 120.84496  24.21084
 120.84309  24.20588
 120.83994  24.20120
 120.83632  24.19511
 120.83512  24.19326
 120.83344  24.19102
 120.83176  24.18840
 120.82652  24.18439
 120.82457  24.18331
 120.82186  24.18173
 120.81964  24.18116
 120.81703  24.17992
 120.81460  24.17829
 120.81193  24.17586
 120.81007  24.17405
 120.80859  24.17224
 120.80658  24.16984
 120.80370  24.16639
 120.80098  24.16327
 120.79964  24.16154
 120.79759  24.15629
 120.79621  24.15215
 120.79531  24.14905
 120.79418  24.14549
 120.79306  24.14212
 120.79179  24.13869
 120.79036  24.13493
 120.78950  24.12568
 120.78954  24.12099
 120.78938  24.11953
 120.78937  24.11814
 120.79009  24.11450
 120.79234  24.11025
 120.79380  24.10845
 120.79460  24.10706
 120.79584  24.10473
 120.79708  24.10267
 120.79743  24.10102
 120.79757  24.09883
 120.79779  24.09585
 120.79795  24.09311
 120.79959  24.08864
 120.80085  24.08617
 120.80189  24.08431
 120.80271  24.08177
 120.80309  24.07890
 120.80312  24.07625
 120.80190  24.07286
 120.79996  24.06854
 120.79952  24.06654
 120.79874  24.06485
 120.79777  24.06201
 120.79727  24.06027
 120.79695  24.05712
 120.79681  24.05558
 120.79697  24.05371
 120.79684  24.05024
 120.79686  24.04677
 120.79679  24.04450
 120.79704  24.03982
 120.79697  24.03789
 120.79706  24.03588
 120.79744  24.03221
 120.79731  24.02954
 120.79724  24.02821
 120.79732  24.02654
 120.79748  24.02473
 120.79794  24.02026
 120.79811  24.01732
 120.79842  24.01318
 120.79800  24.00964
 120.79771  24.00837
 120.79698  24.00724
 120.79658  24.00602
 120.79585  24.00475
 120.79528  24.00187
 120.79485  24.00000
> 20 TMP
 120.92465  24.28029
 120.92056  24.27560
 120.91633  24.27300
 120.90757  24.27025
 120.89923  24.26764
 120.89118  24.26502
 120.88440  24.26111
 120.87453  24.25564
 120.87015  24.25303
 120.86691  24.25004
> 20 TMP
 120.79275  23.74981
 120.79209  23.74846
 120.79012  23.74509
 120.78895  23.74225
 120.78734  23.73564
 120.78610  23.73179
 120.78487  23.72748
 120.78319  23.72214
 120.78166  23.71465
 120.78138  23.71013
 120.78116  23.70804
 120.78103  23.70143
 120.78118  23.69698
 120.78148  23.69252
 120.78260  23.68665
 120.78312  23.68281
 120.78291  23.67714
> 21 CCK
 120.55430  23.59749
 120.55274  23.58945
 120.55076  23.56762
 120.54909  23.55607
 120.54792  23.54396
 120.54699  23.53321
 120.54432  23.52438
 120.54227  23.51340
 120.53699  23.50132
> 21 CCK
 120.57280  23.65841
 120.56816  23.64606
 120.56317  23.62919
 120.55830  23.61413
 120.55452  23.60302
 120.55402  23.59776
> 21 CCK
 120.53699  23.50109
 120.52856  23.49420
 120.52372  23.48730
 120.51876  23.47575
 120.51441  23.46511
 120.51143  23.45707
> 22 MSN
 120.54819  23.58983
 120.54483  23.58918
 120.54041  23.58831
 120.53604  23.58737
 120.53411  23.58690
 120.52958  23.58592
 120.52374  23.58464
 120.51921  23.58360
 120.51123  23.58175
 120.50864  23.58124
 120.50366  23.58002
 120.50229  23.57948
 120.49929  23.57915
 120.49574  23.57786
 120.49248  23.57720
 120.49086  23.57645
 120.48883  23.57593
 120.48624  23.57513
 120.48441  23.57446
 120.48203  23.57369
 120.48010  23.57328
 120.47761  23.57270
 120.47593  23.57207
 120.47248  23.57066
 120.47020  23.57005
 120.46147  23.56733
 120.45970  23.56558
 120.45698  23.56305
 120.45291  23.55920
 120.45285  23.55915
 120.45265  23.55917
> 22 MSN
 120.46177  23.55914
 120.45897  23.55896
 120.45627  23.55889
 120.45433  23.55902
 120.45291  23.55920
 120.45254  23.55925
 120.45046  23.55927
 120.44750  23.55905
 120.44409  23.55907
 120.44063  23.55885
 120.43726  23.55886
 120.43507  23.55866
 120.43161  23.55869
 120.42886  23.55892
 120.42631  23.55889
 120.42366  23.55881
 120.42116  23.55882
 120.41943  23.55875
 120.41657  23.55905
> 23 TAS
 120.65364  23.65789
 120.65479  23.65888
 120.65658  23.66027
 120.65842  23.66180
 120.65957  23.66333
 120.66252  23.66549
 120.66440  23.66707
 120.66667  23.66860
 120.66991  23.67022
 120.67359  23.67216
 120.67494  23.67288
 120.67895  23.67653
 120.68098  23.67823
 120.68238  23.67927
 120.68349  23.68057
 120.68479  23.68201
 120.68595  23.68327
 120.68686  23.68471
 120.68782  23.68700
 120.68821  23.68821
 120.68844  23.69023
 120.68954  23.69234
 120.68988  23.69333
 120.68958  23.69445
 120.69029  23.69805
 120.69120  23.70025
 120.69177  23.70370
 120.69346  23.70555
 120.69442  23.70631
 120.69514  23.70847
 120.69567  23.70910
 120.69688  23.71036
> 23 TAS
 120.59893  23.59282
 120.60015  23.59413
 120.60258  23.59702
 120.60531  23.60011
 120.60948  23.60216
 120.61364  23.60402
 120.61841  23.60643
 120.62206  23.60773
 120.62521  23.60941
 120.62623  23.61006
 120.62846  23.61137
 120.63191  23.61220
 120.63586  23.61367
> 23 TAS
 120.63587  23.61368
 120.63586  23.61367
 120.63323  23.61341
 120.62906  23.61343
 120.62672  23.61390
 120.62276  23.61401
 120.62529  23.61766
 120.62671  23.62047
 120.62731  23.62281
 120.62822  23.62543
 120.62954  23.62721
 120.63126  23.62936
 120.63308  23.63226
 120.63612  23.63628
 120.63896  23.64030
 120.63997  23.64255
 120.64230  23.64554
 120.64707  23.65040
 120.64970  23.65320
 120.65171  23.65510
 120.65364  23.65784
> 23 TAS
 120.63586  23.61367
 120.63770  23.61386
 120.64481  23.61458
 120.65243  23.61605
> 23 TAS
 120.59868  23.59290
 120.59526  23.59019
 120.59241  23.58711
 120.58995  23.58489
 120.58765  23.58143
 120.58575  23.57921
 120.58412  23.57735
 120.58248  23.57600
 120.58098  23.57427
 120.57936  23.57168
 120.57776  23.56809
 120.57669  23.56561
 120.57439  23.56203
 120.57291  23.55956
 120.57196  23.55869
 120.57047  23.55610
 120.56957  23.55226
 120.56977  23.54804
 120.57119  23.54568
 120.57288  23.54368
 120.57386  23.54244
 120.57417  23.54058
 120.57474  23.53958
 120.57560  23.53759
> 23 TAS
 120.57545  23.53759
 120.57881  23.53546
 120.58481  23.53187
 120.58876  23.52894
 120.59139  23.52815
 120.59430  23.52789
 120.59561  23.52736
 120.59678  23.52696
 120.59765  23.52669
 120.59785  23.52655
> 24 MCL
 120.45685  23.38132
 120.45587  23.37863
 120.45525  23.37696
 120.45483  23.37569
 120.45379  23.37368
 120.45291  23.37128
 120.45229  23.36937
 120.45032  23.36417
 120.44793  23.35775
 120.44565  23.35197
 120.44388  23.34761
 120.44223  23.34320
 120.44103  23.34035
 120.44072  23.33942
 120.43943  23.33579
 120.43865  23.33334
 120.43813  23.33197
 120.43751  23.33031
 120.43705  23.32903
 120.43658  23.32756
 120.43612  23.32599
 120.43503  23.32354
 120.43393  23.32129
> 25 LCA
 120.40183  23.30098
 120.39905  23.29885
 120.39692  23.29691
 120.39471  23.29392
 120.39249  23.29150
 120.39130  23.28976
 120.38991  23.28802
 120.38872  23.28523
 120.38809  23.28272
 120.38746  23.27993
 120.38674  23.27723
 120.38453  23.27376
 120.38269  23.27067
 120.38114  23.26681
 120.38023  23.26392
 120.37895  23.26103
 120.37748  23.25785
 120.37684  23.25669
 120.37527  23.25466
 120.37427  23.25254
 120.37335  23.25042
 120.37271  23.24887
 120.37190  23.24618
 120.37052  23.24367
 120.36932  23.24193
 120.36712  23.23778
 120.36565  23.23498
 120.36474  23.23267
 120.36383  23.23064
 120.36301  23.22794
 120.36228  23.22563
 120.36176  23.22159
 120.36202  23.21274
 120.36205  23.20899
 120.36179  23.20658
 120.36125  23.20321
> 26 CKU
 120.58987  23.43029
 120.58682  23.42668
 120.58495  23.42372
 120.58299  23.42148
 120.58120  23.41895
 120.57870  23.41475
 120.57779  23.41027
 120.57701  23.40824
 120.57639  23.40752
 120.57608  23.40542
 120.57398  23.40166
 120.57179  23.39870
 120.56944  23.39762
 120.56670  23.39553
 120.56459  23.39314
 120.56389  23.39141
 120.56390  23.38981
 120.56399  23.38837
 120.56282  23.38605
 120.56110  23.38374
 120.56009  23.38121
 120.55845  23.38013
 120.55618  23.37781
 120.55595  23.37687
 120.55588  23.37535
 120.55472  23.37224
 120.55261  23.36921
 120.54980  23.36639
 120.54838  23.36538
 120.54353  23.36083
 120.54173  23.35967
 120.53875  23.35874
 120.53702  23.35845
 120.53466  23.35766
 120.52909  23.35535
 120.52383  23.35297
 120.52218  23.35153
 120.52164  23.35059
 120.52134  23.34892
 120.52009  23.34704
 120.51674  23.34148
 120.51463  23.33895
 120.51222  23.33410
 120.50997  23.33049
 120.50739  23.32788
 120.50551  23.32564
 120.50380  23.32290
 120.50322  23.32077
> 26 CKU
 120.50279  23.32036
 120.50322  23.32077
 120.50319  23.32065
 120.50006  23.31733
> 26 CKU
 120.58988  23.43038
 120.59012  23.43276
 120.59125  23.43537
 120.59510  23.43787
 120.59695  23.43979
> 26 CKU
 120.59785  23.52655
 120.59838  23.52616
 120.59839  23.52496
 120.59828  23.52202
 120.59699  23.51988
 120.59613  23.51881
 120.59689  23.51587
 120.59749  23.51360
 120.59680  23.51053
 120.59465  23.50745
 120.59279  23.50437
 120.59238  23.50170
 120.59256  23.49836
 120.59174  23.49328
 120.59209  23.48781
 120.59172  23.48139
 120.59146  23.47792
 120.59106  23.47431
 120.58994  23.47110
 120.58910  23.46776
 120.58914  23.46375
 120.58961  23.46001
 120.59080  23.45721
 120.59169  23.45601
 120.59317  23.45334
 120.59466  23.44947
 120.59687  23.44574
 120.59849  23.44347
 120.59808  23.44093
 120.59768  23.44055
> 26 CKU
 120.37822  23.08667
 120.38737  23.09158
 120.39499  23.09509
 120.40395  23.10386
 120.40855  23.11431
 120.41101  23.12881
 120.41253  23.13583
 120.41482  23.14847
 120.41558  23.16041
 120.42066  23.17843
 120.42398  23.18613
 120.43125  23.19949
 120.43789  23.20995
 120.44913  23.22784
 120.45904  23.23978
 120.47124  23.25523
 120.48143  23.27028
 120.48592  23.28446
 120.48745  23.29532
 120.49126  23.30407
 120.49671  23.31074
> 27 HHA
 120.34314  23.06506
 120.33570  23.06387
 120.33002  23.06123
 120.32514  23.05900
 120.32317  23.05805
 120.32142  23.05790
 120.32040  23.05756
 120.31938  23.05742
 120.31588  23.05626
 120.31268  23.05517
 120.31137  23.05496
 120.30932  23.05474
 120.30655  23.05445
 120.30101  23.05421
 120.29809  23.05425
 120.29656  23.05403
 120.29408  23.05315
 120.29197  23.05240
> 28 HCL
 120.24076  23.01349
 120.23978  23.01043
 120.23975  23.00871
 120.23930  23.00624
 120.23871  23.00329
 120.23851  22.99947
 120.23767  22.99622
 120.23590  22.99032
 120.23503  22.98443
 120.23387  22.97853
 120.23213  22.96814
 120.22946  22.96139
 120.22769  22.95549
 120.22448  22.94783
 120.22244  22.94464
 120.22081  22.94183
> 29 TCN
 120.36945  23.09222
 120.37048  23.08881
 120.37210  23.08604
 120.37279  23.08552
 120.37354  23.08419
 120.37542  23.08226
 120.37621  23.08187
 120.37824  23.07937
 120.38139  23.07639
 120.38559  23.07234
 120.38906  23.06951
 120.39312  23.06720
 120.39606  23.06548
 120.39951  23.06288
> 29 TCN
 120.39962  23.06289
 120.40395  23.05990
 120.40653  23.05734
 120.41530  23.05009
 120.41925  23.04648
 120.42293  23.04227
 120.42694  23.03925
 120.43158  23.03512
> 29 TCN
 120.43182  23.03479
 120.43519  23.03183
 120.43813  23.02872
 120.44179  23.02602
 120.44531  23.02249
 120.45259  23.01627
 120.45294  23.01595
> 30 HKS
 120.30427  22.79693
 120.30739  22.81455
 120.31191  22.83254
 120.31411  22.84981
 120.31557  22.86347
 120.31628  22.87210
 120.31543  22.88216
 120.31699  22.89104
> 31 CHN
 120.49798  22.91440
 120.49359  22.91043
 120.48933  22.90584
 120.48440  22.90078
 120.48145  22.89497
 120.48008  22.89023
 120.47711  22.88357
 120.47243  22.87631
 120.46896  22.87220
 120.46482  22.86567
 120.45408  22.85823
> 31 CHN
 120.36155  22.74987
 120.35825  22.74751
 120.35482  22.74503
 120.35216  22.74232
 120.34937  22.73878
 120.34607  22.73512
 120.34378  22.73217
 120.34138  22.72852
 120.33960  22.72498
 120.33770  22.72109
 120.33631  22.71778
> 31 CHN
 120.37496  22.77330
 120.37148  22.76785
 120.36890  22.76048
 120.36588  22.75502
 120.36150  22.74978
> 31 CHN
 120.51178  22.92300
 120.50660  22.91945
 120.50196  22.91685
 120.49838  22.91464
> 31 CHN
 120.57811  22.99998
 120.57930  23.00135
 120.58093  23.00287
 120.58182  23.00506
 120.58568  23.01179
 120.58492  23.01576
 120.58491  23.01987
 120.58504  23.02590
 120.58591  23.03194
 120.58590  23.03618
 120.58663  23.04002
 120.58834  23.04314
 120.58950  23.04527
 120.59032  23.04824
 120.58932  23.05021
 120.58796  23.05248
 120.58820  23.05750
 120.59038  23.06320
 120.59344  23.06662
 120.59491  23.06856
 120.59908  23.07142
 120.60336  23.07497
 120.60654  23.07862
 120.60874  23.08215
 120.61172  23.08587
 120.61276  23.08751
 120.61395  23.08889
 120.61693  23.09109
 120.62079  23.09727
 120.62422  23.09960
 120.62794  23.10400
 120.63195  23.10963
 120.63925  23.11650
 120.64282  23.12158
 120.64520  23.12583
 120.64922  23.12845
 120.65265  23.13202
 120.65741  23.13875
 120.65964  23.14163
 120.66053  23.14547
 120.66380  23.15014
 120.66380  23.15192
 120.66662  23.15645
 120.66915  23.16303
 120.67182  23.16729
 120.67257  23.16948
 120.67391  23.17058
 120.67822  23.17744
 120.68075  23.18348
 120.68013  23.19156
 120.67952  23.19773
 120.67770  23.20636
 120.67450  23.23102
 120.67912  23.23487
 120.68374  23.24077
> 31 CHN
 120.45329  22.85824
 120.43950  22.84887
 120.42823  22.84022
 120.41786  22.82924
 120.41106  22.82054
 120.40573  22.81438
 120.39986  22.80592
 120.39771  22.80155
 120.39702  22.79864
 120.39632  22.79390
 120.39483  22.78989
 120.39375  22.78710
 120.39082  22.78311
 120.38657  22.77950
 120.38155  22.77711
 120.37626  22.77436
> 31 CHN
 120.57811  23.00012
 120.57202  22.99529
 120.56748  22.99052
 120.56493  22.98705
 120.56412  22.98585
 120.56332  22.98526
 120.56226  22.98467
 120.55969  22.97951
 120.55821  22.97711
 120.55500  22.97414
 120.55102  22.97165
 120.54901  22.96950
 120.54660  22.96615
 120.54540  22.96508
 120.54326  22.96306
 120.53994  22.96081
 120.53648  22.95808
 120.53287  22.95377
 120.52869  22.94658
 120.52639  22.94214
 120.52519  22.94107
 120.52356  22.93686
 120.52248  22.93543
 120.52086  22.93182
 120.51872  22.92968
 120.51485  22.92574
 120.51258  22.92360
> 32 LKI
 120.62860  22.97932
 120.62772  22.97456
 120.62686  22.97112
 120.62632  22.96831
 120.62598  22.96671
 120.62307  22.96048
 120.62170  22.95636
 120.62078  22.95349
 120.61983  22.94793
 120.61850  22.94237
 120.61629  22.93705
 120.61481  22.93437
 120.61391  22.93254
 120.61326  22.92639
 120.61187  22.92141
 120.61012  22.91695
 120.60985  22.91574
 120.60881  22.91288
 120.60637  22.90883
 120.60503  22.90667
 120.60341  22.90260
 120.60161  22.89970
 120.60071  22.89764
> 32 LKI
 120.63363  22.99959
 120.63657  23.00613
 120.63817  23.00958
 120.63939  23.01479
 120.64157  23.01859
 120.64404  23.02346
 120.64622  23.02673
 120.64793  23.02938
 120.64973  23.03328
 120.65085  23.03919
 120.65283  23.04476
 120.65607  23.04839
 120.65949  23.05291
 120.66100  23.05591
 120.66299  23.06113
 120.66347  23.06139
> 32 LKI
 120.63371  22.99961
 120.63213  22.99377
 120.63085  22.98740
 120.62886  22.98013
 120.62861  22.97950
> 33 CCU
 120.62540  22.75045
 120.62605  22.73678
 120.62514  22.72080
 120.62509  22.70590
 120.62337  22.69195
 120.62309  22.67255
 120.62169  22.65751
 120.61775  22.64127
 120.61868  22.62418
 120.61562  22.61087
 120.61477  22.59831
 120.61365  22.59087
 120.61372  22.58388
 120.61321  22.57240
 120.61218  22.55938
 120.61130  22.54464
 120.61085  22.53688
 120.61038  22.51624
 120.61028  22.50879
 120.60695  22.48947
 120.60450  22.47298
 120.60461  22.44943
 120.60469  22.43530
 120.60561  22.41882
 120.60655  22.39999
 120.60570  22.38351
 120.60672  22.36624
 120.60593  22.35603
 120.60856  22.33642
> 33 CCU
 120.63837  22.89843
 120.63474  22.85679
 120.62888  22.80037
 120.62513  22.75039
> 33 CCU
 120.63805  22.89780
 120.63866  22.90527
 120.63936  22.91055
 120.64003  22.91796
 120.64083  22.92594
 120.64123  22.93169
 120.64152  22.93933
 120.64172  22.94462
 120.64137  22.95084
 120.64130  22.95953
 120.64104  22.96787
 120.64115  22.97552
 120.64183  22.98782
 120.64275  22.99971
> 34 FSN
 120.36700  22.64126
 120.37354  22.63001
 120.38152  22.61813
 120.38431  22.61539
 120.38740  22.61139
 120.39086  22.60621
 120.39286  22.60321
 120.39635  22.59533
 120.39845  22.58772
 120.40321  22.56630
> 35 HCN
 120.70841  22.09090
 120.71320  22.07872
 120.72275  22.05469
 120.72978  22.03521
 120.73681  22.01596
 120.74265  21.99993
> 35 HCN
 120.74261  22.00017
 120.74589  21.99187
 120.74943  21.98124
 120.75333  21.96949
 120.75543  21.96236
> 36 MLN
 121.59085  23.98641
 121.60236  24.00575
 121.61807  24.02869
 121.62140  24.03293
> 36 MLN
 121.55990  23.92356
 121.55329  23.90700
 121.54883  23.89672
 121.54167  23.88292
 121.53695  23.87347
 121.53101  23.86215
 121.52345  23.84796
 121.51899  23.83974
 121.51643  23.83525
> 36 MLN
 121.56381  23.93333
 121.57070  23.94712
 121.57598  23.95720
 121.57989  23.96587
 121.57991  23.96593
> 36 MLN
 121.59984  23.97654
 121.58723  23.96635
 121.57571  23.95634
> 36 MLN
 121.59332  23.97780
 121.58423  23.96875
 121.57854  23.96253
> 36 MLN
 121.59031  23.98577
 121.58436  23.97445
 121.57991  23.96593
 121.57962  23.96537
> 36 MLN
 121.60120  23.97770
 121.62223  23.99472
 121.63078  24.00095
> 36 MLN
 121.63337  24.02217
 121.62300  24.01245
 121.61066  23.99852
 121.60267  23.98831
 121.59399  23.97929
> 37 YMI
 121.60076  23.94572
 121.59546  23.93573
> 37 YMI
 121.51412  23.79888
 121.51279  23.79551
 121.50865  23.78457
 121.50274  23.76768
 121.49756  23.75025
 121.49682  23.74796
 121.49593  23.74472
 121.49416  23.74107
 121.49180  23.73878
 121.48944  23.73702
 121.48650  23.73554
> 37 YMI
 121.57424  23.89554
 121.58127  23.90728
 121.58762  23.91959
 121.59546  23.93500
> 37 YMI
 121.51410  23.79890
 121.51896  23.80738
 121.52743  23.83337
> 37 YMI
 121.52804  23.83419
 121.53161  23.84303
 121.53661  23.84970
 121.54757  23.86357
> 37 YMI
 121.55553  23.87336
 121.56178  23.87990
 121.56990  23.89085
> 38 YLI
 121.32702  23.39765
 121.32270  23.38022
 121.32139  23.37487
 121.31981  23.37093
 121.31795  23.36541
 121.31634  23.36113
 121.31441  23.35361
> 38 YLI
 121.30572  23.32125
 121.30283  23.31232
 121.29815  23.30234
> 38 YLI
 121.39748  23.50655
 121.39444  23.50076
 121.39286  23.49811
 121.38720  23.49245
 121.38167  23.48703
 121.37746  23.48233
 121.37259  23.47642
 121.36929  23.47268
 121.36547  23.46677
 121.35968  23.45906
 121.35324  23.44956
 121.34683  23.43586
 121.34425  23.43143
 121.34165  23.42753
 121.33928  23.42331
 121.33710  23.41978
 121.33389  23.41486
 121.33223  23.41157
 121.32921  23.40423
 121.32709  23.39760
> 38 YLI
 121.42687  23.62190
 121.41961  23.61214
 121.41589  23.60625
 121.41201  23.59881
 121.40494  23.58701
 121.39782  23.57573
 121.39010  23.56009
 121.38752  23.55515
 121.38478  23.54976
 121.38158  23.54258
> 38 YLI
 121.37062  23.52016
 121.36705  23.51171
 121.36507  23.50713
 121.36308  23.50242
 121.36067  23.49759
 121.35836  23.49419
 121.35510  23.49020
 121.35137  23.48322
 121.34521  23.46730
 121.34397  23.46049
 121.34265  23.44551
 121.34155  23.43993
 121.34103  23.43623
 121.34032  23.43341
 121.33820  23.42654
 121.33274  23.41280
> 38 YLI
 121.29822  23.30246
 121.29483  23.29630
 121.29014  23.28408
 121.28701  23.27757
 121.28182  23.26612
> 38 YLI
 121.31435  23.35367
 121.31306  23.34844
 121.31094  23.34116
 121.30933  23.33499
 121.30765  23.32877
 121.30572  23.32125
> 39 CSG
 121.25014  23.18978
 121.24667  23.18715
 121.24155  23.17997
 121.23804  23.17319
 121.23652  23.17023
 121.23535  23.16811
 121.23309  23.15846
 121.23108  23.15167
 121.22930  23.14467
 121.22707  23.13799
 121.22528  23.12972
 121.22327  23.12367
 121.22128  23.11816
 121.21766  23.11171
 121.21543  23.10556
 121.21251  23.10006
 121.20994  23.09487
 121.20889  23.09328
> 39 CSG
 121.25002  23.18968
 121.25515  23.19390
 121.26103  23.20047
 121.26265  23.20375
 121.26818  23.21244
 121.27845  23.22705
 121.28687  23.23786
 121.29414  23.24993
 121.30016  23.26360
> 39 CSG
 121.32430  23.32990
 121.32353  23.32826
 121.32282  23.32521
 121.32191  23.32127
 121.32101  23.31781
 121.31953  23.31205
 121.31786  23.30629
 121.31619  23.30207
> 39 CSG
 121.39825  23.47122
 121.39440  23.46465
 121.39158  23.46054
 121.38901  23.45649
 121.38722  23.45356
 121.38465  23.45016
 121.38094  23.44606
 121.37832  23.44401
 121.37665  23.44166
 121.37428  23.43832
 121.37063  23.43380
 121.36743  23.42858
 121.36538  23.42582
 121.36236  23.41966
 121.36094  23.41502
 121.35857  23.41039
 121.35587  23.40499
 121.35363  23.40111
 121.34920  23.39202
 121.34670  23.38603
 121.34349  23.37722
 121.34111  23.37212
 121.33874  23.36542
 121.33636  23.35973
 121.33392  23.35362
 121.33116  23.34787
 121.32930  23.34300
 121.32609  23.33495
 121.32487  23.33137
 121.32436  23.32996
> 39 CSG
 121.31619  23.30207
 121.31516  23.29931
 121.31375  23.29555
 121.31228  23.29244
 121.31048  23.28821
 121.30831  23.28328
 121.30715  23.27952
 121.30561  23.27518
 121.30337  23.27024
 121.30016  23.26361
> 40 CMI
 121.34429  23.34679
 121.34575  23.34850
 121.34679  23.35052
 121.34658  23.35323
 121.34595  23.35623
 121.34574  23.35900
 121.34668  23.36192
 121.34723  23.36372
 121.34912  23.36514
 121.35052  23.36581
> 40 CMI
 121.39924  23.46105
 121.40224  23.46345
 121.40493  23.46521
 121.40723  23.46743
> 40 CMI
 121.35083  23.36579
 121.35288  23.36713
 121.35559  23.36900
 121.35746  23.37079
 121.35924  23.37370
 121.36029  23.37572
 121.36237  23.37992
 121.36326  23.38156
 121.36299  23.38299
 121.36222  23.38404
 121.36226  23.38644
 121.36166  23.38802
 121.36095  23.39020
 121.36018  23.39155
 121.36089  23.39410
 121.36260  23.39619
 121.36540  23.39738
 121.36803  23.39871
 121.37214  23.40155
 121.37493  23.40318
 121.37777  23.40700
 121.38022  23.40961
 121.38250  23.41222
 121.38431  23.41357
 121.38714  23.41805
 121.38817  23.42060
 121.38839  23.42247
 121.38829  23.42375
 121.38692  23.42608
 121.38639  23.42796
 121.38658  23.43118
 121.38639  23.43268
 121.38736  23.43448
 121.38917  23.43522
 121.39024  23.43589
 121.39047  23.43694
 121.39002  23.43934
 121.38990  23.44174
 121.39084  23.44474
 121.39139  23.44691
 121.39201  23.44960
 121.39223  23.45095
 121.39313  23.45177
 121.39410  23.45372
 121.39466  23.45492
 121.39758  23.45918
 121.39847  23.46022
 121.39917  23.46105
> 40 CMI
 121.45460  23.50961
 121.45415  23.51187
 121.45415  23.51420
 121.45408  23.51599
 121.45331  23.51986
 121.45325  23.52188
 121.45377  23.52373
 121.45416  23.52599
 121.45435  23.52826
 121.45546  23.53159
 121.45682  23.53439
 121.45929  23.53724
 121.46194  23.54051
 121.46590  23.54419
 121.46661  23.54646
 121.46675  23.54842
 121.46772  23.55039
 121.46863  23.55318
 121.47025  23.55526
 121.47168  23.55770
 121.47362  23.55937
 121.47486  23.56127
 121.47687  23.56216
 121.47939  23.56317
 121.48063  23.56346
 121.48238  23.56495
 121.48406  23.56601
 121.48484  23.56673
 121.48569  23.56857
 121.48815  23.57101
 121.49152  23.57195
 121.49321  23.57243
 121.49645  23.57307
 121.49833  23.57402
 121.49969  23.57616
 121.50014  23.57706
> 40 CMI
 121.40711  23.46737
 121.40883  23.46901
 121.41114  23.47106
 121.41415  23.47364
 121.41645  23.47534
 121.41773  23.47657
 121.41920  23.47721
 121.42125  23.47956
 121.42362  23.48155
 121.42599  23.48330
 121.42810  23.48547
 121.43124  23.48881
 121.43348  23.49080
 121.43527  23.49244
 121.43663  23.49364
 121.43770  23.49423
 121.44068  23.49504
 121.44283  23.49593
 121.44688  23.49734
 121.44887  23.49755
 121.45035  23.49837
 121.45221  23.49944
 121.45369  23.50102
 121.45485  23.50467
 121.45498  23.50741
 121.45466  23.50961
> 40 CMI
 121.50008  23.57706
 121.50138  23.58003
 121.50313  23.58259
 121.50385  23.58378
 121.50501  23.58526
 121.50800  23.58800
 121.50988  23.58972
 121.51215  23.59156
 121.51351  23.59412
 121.51443  23.59626
 121.51799  23.59828
 121.51974  23.59952
 121.52188  23.60059
 121.52208  23.60077
> 41 LYH
 121.08653  22.80727
 121.09013  22.80202
 121.09533  22.79781
 121.09984  22.79363
 121.10460  22.79010
 121.11190  22.78524
 121.12207  22.77934
 121.12368  22.77592
 121.12594  22.77117
 121.12846  22.76439
 121.12782  22.76171
 121.12953  22.75718
 121.13421  22.75116
 121.13631  22.74627
 121.13704  22.74499
> 41 LYH
 121.11237  22.93957
 121.11136  22.93652
 121.10968  22.92985
 121.10854  22.92603
 121.10723  22.92318
 121.10591  22.92008
 121.10439  22.91510
 121.10319  22.90799
 121.10197  22.90337
 121.10064  22.89646
 121.09993  22.89257
 121.09914  22.88803
 121.09855  22.88522
 121.09738  22.88076
 121.09559  22.87742
 121.09445  22.87533
 121.09364  22.87356
 121.09276  22.87051
 121.09191  22.86777
 121.09128  22.86665
 121.09064  22.86444
 121.08937  22.86146
 121.08763  22.85824
 121.08661  22.85611
 121.08616  22.85298
 121.08769  22.84865
 121.08939  22.84348
 121.08975  22.84135
 121.08875  22.83629
 121.08639  22.82857
 121.08491  22.82431
 121.08483  22.82367
> 41 LYH
 121.08481  22.82370
 121.08378  22.81969
 121.08344  22.81513
 121.08404  22.81188
 121.08640  22.80743
> 41 LYH
 121.12468  22.86800
 121.11845  22.85216
 121.11532  22.83200
 121.11531  22.81903
 121.11685  22.80031
 121.12149  22.78014
 121.12459  22.77581
> 42 LCI
 121.12614  22.82380
 121.12544  22.82609
 121.12631  22.83155
 121.12791  22.83737
 121.12892  22.84151
 121.13053  22.84529
 121.13209  22.84939
 121.13276  22.85248
 121.13374  22.85429
 121.13810  22.85828
 121.13955  22.86005
 121.14018  22.86194
> 42 LCI
 121.12616  22.82385
 121.12809  22.81964
 121.12959  22.81727
 121.12998  22.81475
 121.13006  22.81270
 121.13101  22.81022
 121.13277  22.80729
 121.13431  22.80489
 121.13603  22.80096
 121.13697  22.79739
 121.13749  22.79438
 121.13779  22.79270
> 42 LCI
 121.13796  22.79190
 121.13826  22.78861
 121.13817  22.78545
 121.13881  22.78232
 121.14177  22.77959
 121.14422  22.77759
 121.14829  22.77394
 121.15280  22.77072
 121.15696  22.76767
 121.15803  22.76695
>