==============================================================================================
There are 33 records found

Search criteria:
  Start: 1996-03-28		End: 2020-04-21
  6.0 <= Mw <= 10 		0 <= Depth <= 999 		0 <= Plunge <= 90
  Archived Solutions

File Header:
Longitude, Latitude, Centroid Depth, Mrr, Mtt, Mff, Mrt, Mrf, Mtf, exponent, Longitude, Latitude, Label
==============================================================================================

121.3666 22.0011 23 3.878887 -0.100372 -3.778515 0.252947 -0.274524 0.309821 25 121.3666 22.0011 9609052342
121.0671 23.8648 24 1.414064 0.193711 -1.607775 -0.748231 -1.110820 -0.016162 25 121.0671 23.8648 9909201811
120.8570 23.5846 13 -0.608060 2.081661 -2.744685 -2.128504 -1.579820 -1.640380 25 120.8570 23.5846 9909202146
121.0466 23.8263 28 0.842054 -0.279109 -0.562945 0.323607 -2.569260 0.969178 25 121.0466 23.8263 9909220014
121.0023 23.8541 25 2.476492 0.352638 -2.829130 -0.920246 -1.439440 -0.257670 25 121.0023 23.8541 9909252352
121.7258 23.3618 42 3.801438 -0.560955 -3.240483 -0.441480 2.105860 -1.593080 25 121.7258 23.3618 9911011753
121.1091 23.9010 26 0.542876 0.346569 -0.889445 -0.673333 -1.619250 0.328814 25 121.1091 23.9010 0006101823
122.6520 23.8670 25 0.265359 -1.637164 1.371805 0.224170 -0.463408 0.690905 26 122.6520 23.8670 0112180403
122.1915 24.1398 52 2.053288 -3.610584 0.127645 0.507069 1.722800 0.557073 26 122.1915 24.1398 0203310652
121.8718 24.6510 24 0.523170 0.684046 -1.207216 1.018445 -0.058521 1.464750 25 121.8718 24.6510 0205150346
121.3981 23.0666 29 1.095513 -0.033499 -1.062015 0.070465 0.674547 -0.085073 26 121.3981 23.0666 0312100438
121.3698 22.7135 22 0.533222 0.990950 -1.527196 -1.252956 -0.783805 -0.220701 25 121.3698 22.7135 0405190704
122.8516 24.4623 94 1.231055 -3.123368 1.892313 8.509216 -2.184950 -2.135300 25 122.8516 24.4623 0410150408
122.7603 23.7948 25 1.545316 -1.886925 0.341609 1.381861 0.802830 0.059061 25 122.7603 23.7948 0411081554
121.0806 22.8835 23 0.161541 0.231812 -0.393353 0.659564 -0.276421 -1.965810 25 121.0806 22.8835 0604011002
119.8285 20.6953 25 -2.282761 0.376850 1.918500 0.020950 1.442700 -0.445692 25 119.8285 20.6953 0610091001
120.4196 21.9698 54 -2.084872 2.392639 -0.307766 0.401382 0.012981 -0.339460 26 120.4196 21.9698 0612261234
120.5553 21.6873 40 -3.249847 0.719068 2.530779 1.305014 0.252347 -1.609100 26 120.5553 21.6873 0612261226
122.2541 24.2780 59 2.768905 -0.484140 -2.284766 0.823363 1.149830 -0.589564 25 122.2541 24.2780 0709061751
122.2193 24.0228 21 1.243020 -1.858295 0.615275 1.510805 0.855995 0.396177 25 122.2193 24.0228 0907131805
123.6665 23.3231 27 0.110406 2.392905 -1.148645 1.021875 -1.056970 -0.299975 25 123.6665 23.3231 0908171010
121.6633 23.7880 37 0.405511 -0.507050 0.101539 -0.584578 4.786450 -1.777620 25 121.6633 23.7880 0912191302
120.7066 22.9691 29 1.431513 0.217854 -1.262994 0.651228 -2.137670 -0.126019 25 120.7066 22.9691 1003040018
120.9741 23.8615 14 2.178745 0.086537 -2.265282 -0.211683 -1.664510 -0.097772 25 120.9741 23.8615 1306020543
121.3485 23.5661 24 1.735631 -0.919704 -0.815927 -0.148708 -0.657398 -1.236090 25 121.3485 23.5661 1310311202
122.6070 25.4491 258 -0.961931 0.792260 0.169671 -1.036828 -0.028630 0.069869 25 122.6070 25.4491 1412102103
121.3966 22.6581 22 1.412186 0.434499 -1.975470 -0.839689 0.391629 -0.589006 25 121.3966 22.6581 1502132006
122.4410 24.0223 35 3.501476 -3.744951 0.243474 1.848139 0.159979 0.753484 25 122.4410 24.0223 1504200142
120.5438 22.9220 27 1.104763 -0.860715 -0.244048 0.930994 -3.710620 2.796520 25 120.5438 22.9220 1602051957
122.6826 25.4920 253 -2.553723 0.493216 2.060508 -0.835245 0.880520 -0.571512 25 122.6826 25.4920 1605310523
123.4198 23.5320 45 -1.255873 1.436974 -0.181101 0.499254 -0.184230 -0.140360 25 123.4198 23.5320 1606232105
121.7296 24.1006 25 0.482296 -4.059422 3.577126 0.692012 -2.410790 -2.647150 25 121.7296 24.1006 1802061550
121.5591 24.0543 19 2.070886 -0.610695 -0.506442 -0.503553 -0.951334 -0.760029 25 121.5591 24.0543 1904180501
