==============================================================================================
There are 33 records found

Search criteria:
  Start: 1996-03-28		End: 2020-04-21
  6.0 <= Mw <= 10 		0 <= Depth <= 999 		0 <= Plunge <= 90
  Archived Solutions

File Header:
Longitude, Latitude, Centroid Depth, strike1, dip1, slip1, Mw, Longitude, Latitude, Label
==============================================================================================
121.3666 22.0011 23 358.50 42.90 94.83 6.33 121.3666 22.0011 9609052342
121.0671 23.8648 24 340.30 30.03 52.74 6.14 121.0671 23.8648 9909201811
120.8570 23.5846 13 329.57 48.36 -4.35 6.34 120.8570 23.5846 9909202146
121.0466 23.8263 28 286.64 19.92 27.91 6.24 121.0466 23.8263 9909220014
121.0023 23.8541 25 347.99 32.44 62.12 6.27 121.0023 23.8541 9909252352
121.7258 23.3618 42 220.49 35.13 116.88 6.37 121.7258 23.3618 9911011753
121.1091 23.9010 26 312.36 21.30 24.40 6.13 121.1091 23.9010 0006101823
122.6520 23.8670 25 238.01 71.86 5.73 6.77 122.6520 23.8670 0112180403
122.1915 24.1398 52 305.41 50.18 132.28 6.97 122.1915 24.1398 0203310652
121.8718 24.6510 24 12.86 58.65 165.36 6.15 121.8718 24.6510 0205150346
121.3981 23.0666 29 184.06 28.97 88.87 6.67 121.3981 23.0666 0312100438
121.3698 22.7135 22 327.15 41.49 15.99 6.14 121.3698 22.7135 0405190704
122.8516 24.4623 94 207.91 19.59 14.04 6.59 122.8516 24.4623 0410150408
122.7603 23.7948 25 293.84 29.70 129.75 6.19 122.7603 23.7948 0411081554
121.0806 22.8835 23 176.99 72.39 9.61 6.15 121.0806 22.8835 0604011002
119.8285 20.6953 25 338.76 28.94 -102.63 6.21 119.8285 20.6953 0610091001
120.4196 21.9698 54 99.14 40.06 -86.91 6.85 120.4196 21.9698 0612261234
120.5553 21.6873 40 168.11 44.46 -61.51 6.98 120.5553 21.6873 0612261226
122.2541 24.2780 59 190.11 31.80 77.45 6.25 122.2541 24.2780 0709061751
122.2193 24.0228 21 309.60 32.90 145.02 6.19 122.2193 24.0228 0907131805
123.6665 23.3231 27 50.77 49.83 -173.56 6.19 123.6665 23.3231 0908171010
121.6633 23.7880 37 265.33 20.09 177.32 6.41 121.6633 23.7880 0912191302
120.7066 22.9691 29 21.75 18.07 123.91 6.22 120.7066 22.9691 1003040018
120.9741 23.8615 14 359.17 26.60 84.44 6.23 120.9741 23.8615 1306020543
121.3485 23.5661 24 60.15 38.50 111.47 6.15 121.3485 23.5661 1310311202
122.6070 25.4491 258 261.77 20.24 -95.06 6.03 122.6070 25.4491 1412102103
121.3966 22.6581 22 221.31 50.33 133.93 6.15 121.3966 22.6581 1502132006
122.4410 24.0223 35 288.50 32.59 103.20 6.35 122.4410 24.0223 1504200142
120.5438 22.9220 27 269.71 33.86 14.97 6.39 120.5438 22.9220 1602051957
122.6826 25.4920 253 349.84 33.25 -74.82 6.23 122.6826 25.4920 1605310523
123.4198 23.5320 45 87.67 35.03 -101.32 6.05 123.4198 23.5320 1606232105
121.7296 24.1006 25 114.55 71.42 161.49 6.42 121.7296 24.1006 1802061550
121.5591 24.0543 19 55.06 30.04 105.37 6.14 121.5591 24.0543 1904180501
