==============================================================================================
There are 77 records found

Search criteria:
  Start: 1996-03-28		End: 2020-04-21
  6.0 <= ML <= 10 		0 <= Depth <= 999 		0 <= Plunge <= 90
  Archived Solutions

File Header:
Date, Time, Latitude, Longitude, CWB Depth, ML, strike1, dip1, slip1, strike2, dip2, slip2, m11, m22, m33, m12, m13, m23, Mrr, Mtt, Mff, Mrt, Mrf, Mtf, exponentexponent, M0, Mw, Centroid_depth, CLVD, ISO, misfit, gap, nsta, Paz, Ppl, Baz, Bpl, Taz, Tpl, QC
==============================================================================================
1996-07-29,20:20:53.53,24.4888,122.3470,65.68,6.14,189.79,44.11,51.60,57.62,56.94,121.05,-0.386010,-1.366326,1.751916,1.158373,1.012454,0.138034,1.751916,-0.386010,-1.366326,1.012454,-0.138034,-1.158370,24,2.22002e+24,5.50,59,5.5,0.0,0.272,323.800,5,126.055,7.007,-140.567,25.616,21.906,63.306,A1
1996-09-05,23:42:07.88,22.0011,121.3666,14.76,7.07,358.50,42.90,94.83,171.92,47.29,85.52,-0.100372,-3.778515,3.878887,-0.309821,0.252947,0.274524,3.878887,-0.100372,-3.778515,0.252947,-0.274524,0.309821,25,3.86029e+25,6.33,23,4.5,0.0,0.744,258.000,5,-94.916,2.198,174.958,3.286,28.809,86.045,D1
1997-10-11,18:24:25.67,24.9808,122.5755,146.35,6.07,149.21,26.29,-129.80,12.11,70.10,-72.45,-0.255499,1.377130,-1.121631,0.239181,-0.442475,1.323961,-1.121631,-0.255499,1.377130,-0.442475,-1.323960,-0.239181,24,1.90152e+24,5.46,154,10.2,0.0,0.424,286.300,5,-51.804,60.996,-174.031,16.470,88.703,23.163,B2
1998-03-08,00:35:44.45,20.6598,122.0206,173.72,6.05,41.65,49.08,-26.88,150.01,70.02,-135.82,-1.055690,4.257101,-0.983667,-0.597175,-2.045638,-1.310145,-0.983667,-1.055690,4.257101,-2.045638,1.310140,0.597175,24,4.04478e+24,5.68,184,10.7,16.2,0.682,335.600,6,14.395,44.808,169.385,42.375,-88.650,12.802,C3
1998-07-17,04:51:14.96,23.5026,120.6625,2.80,6.20,50.19,35.01,124.15,190.56,61.65,68.53,-0.706074,-1.992088,2.697361,1.301196,0.405448,1.827749,2.697361,-0.706074,-1.992088,0.405448,-1.827750,-1.301200,24,3.32709e+24,5.62,2,20.1,0.0,0.494,210.200,5,-63.968,14.089,-158.866,18.788,60.696,66.190,B3
1999-09-20,21:46:38.11,23.5846,120.8570,8.57,6.59,329.57,48.36,-4.35,62.46,86.75,-138.28,2.081661,-2.744685,-0.608060,1.640377,-2.128504,1.579816,-0.608060,2.081661,-2.744685,-2.128504,-1.579820,-1.640380,25,3.97937e+25,6.34,13,16.4,-9.4,0.680,110.200,6,-65.382,30.658,66.101,48.175,-171.769,25.452,C3
1999-09-20,18:11:54.21,23.8648,121.0671,12.49,6.70,340.30,30.03,52.74,201.60,66.53,109.29,0.193711,-1.607775,1.414064,0.016162,-0.748231,1.110824,1.414064,0.193711,-1.607775,-0.748231,-1.110820,-0.016162,25,2.02609e+25,6.14,24,4.6,0.0,0.407,241.700,3,-82.725,19.302,13.668,17.637,142.997,63.359,B1
1999-09-22,00:49:43.45,23.7646,121.0313,17.38,6.20,5.46,23.93,103.95,170.25,66.82,83.89,-0.324917,-4.056031,4.380948,-0.084867,0.974300,3.881115,4.380948,-0.324917,-4.056031,0.974300,-3.881110,0.084867,24,5.82188e+24,5.78,17,13.7,0.0,0.294,250.700,4,-95.104,21.590,172.668,5.612,68.862,67.621,A2
1999-09-22,12:17:20.96,23.7393,120.9811,24.02,6.00,351.70,18.22,57.90,205.14,74.64,99.92,0.225143,-2.246389,2.021246,0.409486,-1.624830,3.077867,2.021246,0.225143,-2.246389,-1.624830,-3.077870,-0.409486,23,4.10758e+23,5.01,22,4.7,0.0,0.271,140.400,4,-72.864,28.971,22.489,9.564,128.906,59.198,A1
1999-09-22,00:14:40.77,23.8263,121.0466,15.59,6.80,286.64,19.92,27.91,170.17,80.82,107.75,-0.279109,-0.562945,0.842054,-0.969178,0.323607,2.569261,0.842054,-0.279109,-0.562945,0.323607,-2.569260,0.969178,25,2.86305e+25,6.24,28,3.1,0.0,0.576,239.900,4,-114.822,33.506,-12.757,17.522,100.224,51.039,C1
1999-09-25,23:52:49.63,23.8541,121.0023,12.06,6.80,347.99,32.44,62.12,200.08,61.70,106.56,0.352638,-2.829130,2.476492,0.257670,-0.920246,1.439438,2.476492,0.352638,-2.829130,-0.920246,-1.439440,-0.257670,25,3.18055e+25,6.27,25,10.1,0.0,0.598,152.900,4,-81.976,15.158,12.049,14.527,143.849,68.755,C2
1999-10-22,03:10:17.46,23.5330,120.4306,16.74,6.00,56.26,66.41,172.38,149.33,83.02,23.77,2.297841,-2.231277,0.739828,1.050847,0.649960,0.803242,0.739828,2.297841,-2.231277,0.649960,-0.803242,-1.050850,24,2.75226e+24,5.56,20,19.5,9.4,0.501,129.400,5,-79.373,11.364,164.745,65.277,15.202,21.648,C3
1999-10-22,02:18:56.9,23.5170,120.4225,16.59,6.40,38.52,42.53,124.63,175.38,56.20,62.47,-0.313672,-4.338004,4.651676,1.474496,1.969436,1.793194,4.651676,-0.313672,-4.338004,1.969436,-1.793190,-1.474500,24,5.4356e+24,5.76,15,29.2,0.0,0.646,130.300,6,-75.381,7.341,-168.453,22.590,31.537,66.119,C3
1999-11-01,17:53:02.25,23.3618,121.7258,31.33,6.90,220.49,35.13,116.88,8.70,59.11,72.35,-0.560955,-3.240483,3.801438,1.593082,-0.441480,-2.105858,3.801438,-0.560955,-3.240483,-0.441480,2.105860,-1.593080,25,4.44979e+25,6.37,42,7.5,0.0,0.389,192.300,6,111.380,12.438,17.973,15.080,-120.695,70.260,B1
2000-06-10,18:23:29.45,23.9010,121.1091,16.21,6.70,312.36,21.30,24.40,199.44,81.37,109.55,0.346569,-0.889445,0.542876,-0.328814,-0.673333,1.619247,0.542876,0.346569,-0.889445,-0.673333,-1.619250,0.328814,25,1.94587e+25,6.13,26,0.4,0.0,0.468,108.900,7,-87.043,33.552,16.400,19.318,130.999,49.899,B1
2000-07-28,20:28:07.72,23.4110,120.9326,7.35,6.10,350.93,66.85,-21.28,89.63,70.51,-155.35,0.852671,0.026607,-0.879278,2.436562,-0.807658,0.723355,-0.879278,0.852671,0.026607,-0.807658,-0.723355,-2.436560,24,2.80407e+24,5.57,4,16.6,0.0,0.454,145.900,5,-48.886,30.928,125.662,58.958,-140.330,2.409,B2
2000-09-10,08:54:46.53,24.0853,121.5838,17.74,6.20,69.95,37.82,120.22,213.55,58.00,68.66,-3.730060,-2.480317,3.646628,2.287671,-0.186620,2.462160,3.646628,-3.730060,-2.480317,-0.186620,-2.462160,-2.287670,24,5.29265e+24,5.75,24,17.8,-14.8,0.310,202.800,7,-41.278,10.598,-134.758,17.977,77.801,68.945,B4
2001-06-13,13:17:54.15,24.3811,122.6065,64.41,6.25,48.20,38.98,139.34,171.93,65.81,58.46,0.076941,-1.784392,1.707451,0.913423,0.982045,1.397087,1.707451,0.076941,-1.784392,0.982045,-1.397090,-0.913423,24,2.60831e+24,5.55,66,26.2,0.0,0.259,265.200,7,-75.544,15.062,-173.947,28.502,39.024,57.088,A3
2001-06-14,02:35:25.78,24.4188,121.9280,17.29,6.30,84.60,47.34,-18.29,187.23,76.66,-135.86,1.503365,1.098802,-1.384299,-4.158062,-0.671202,-3.824377,-1.384299,1.503365,1.098802,-0.671202,3.824380,4.158060,24,5.92096e+24,5.79,25,7.8,6.6,0.382,231.600,7,55.766,39.968,-159.399,44.286,-50.443,18.420,B2
2001-12-18,04:03:00.75,23.8670,122.6520,12.00,6.70,238.01,71.86,5.73,146.22,84.55,161.78,-1.637164,1.371805,0.265359,-0.690905,0.224170,0.463408,0.265359,-1.637164,1.371805,0.224170,-0.463408,0.690905,26,1.74889e+26,6.77,25,21.0,0.0,0.605,272.200,7,-166.595,8.804,-49.854,71.006,100.743,16.693,C3
2002-02-12,03:27:25.,23.7406,121.7226,29.98,6.20,242.52,41.07,133.56,10.93,61.57,59.01,0.067407,-0.971667,3.911007,2.010408,-0.800463,-2.103987,3.911007,0.067407,-0.971667,-0.800463,2.103990,-2.010410,24,4.15109e+24,5.68,37,17.9,19.5,0.341,212.200,7,122.721,11.330,26.882,26.919,-126.603,60.428,B4
2002-03-31,06:52:49.95,24.1398,122.1915,13.81,6.80,305.41,50.18,132.28,70.57,55.37,51.10,-3.610584,0.127645,2.053288,-0.557073,0.507069,-1.722795,2.053288,-3.610584,0.127645,0.507069,1.722800,0.557073,26,3.48852e+26,6.97,52,21.5,-12.9,0.581,263.000,7,-173.036,2.923,95.198,31.112,-78.215,58.720,C4
2002-05-15,03:46:05.91,24.6510,121.8718,8.52,6.20,12.86,58.65,165.36,110.60,77.54,32.20,0.684046,-1.207216,0.523170,-1.464754,1.018445,0.058521,0.523170,0.684046,-1.207216,1.018445,-0.058521,1.464750,25,2.07018e+25,6.15,24,10.6,0.0,0.461,230.400,7,-121.613,12.431,129.521,55.718,-23.891,31.366,B2
2002-05-28,16:45:14.97,23.9130,122.3968,15.23,6.20,301.74,36.70,131.46,73.96,63.40,63.73,-8.465616,0.842387,7.623229,-1.559360,4.695950,-4.010583,7.623229,-8.465616,0.842387,4.695950,4.010580,1.559360,24,1.02866e+25,5.95,26,18.4,0.0,0.445,248.800,5,-177.178,14.492,86.428,23.309,-57.980,62.084,B2
2002-08-28,17:05:34.6,22.2608,121.3720,12.03,6.03,230.74,48.80,133.09,355.89,56.67,52.03,0.099154,-1.542281,1.443127,0.878078,-0.763335,-0.586874,1.443127,0.099154,-1.542281,-0.763335,0.586874,-0.878078,24,1.98335e+24,5.47,22,8.0,0.0,0.227,235.800,6,111.760,4.429,19.100,30.931,-150.926,58.683,A1
2002-09-16,00:03:30.74,25.1015,122.3875,175.67,6.80,143.11,42.14,-104.28,342.06,49.45,-77.42,0.262457,1.117183,-1.634367,0.610486,-0.155388,0.302182,-1.634367,0.262457,1.117183,-0.155388,-0.302182,-0.610486,24,1.57551e+24,5.40,164,9.5,-5.0,0.307,288.900,7,-47.824,79.768,153.798,9.526,63.176,3.701,B2
2003-06-10,08:40:32.5,23.5036,121.6991,32.31,6.48,230.82,22.39,138.31,0.29,75.33,72.90,0.396353,-2.247956,4.922580,2.146617,-0.829241,-6.491476,4.922580,0.396353,-2.247956,-0.829241,6.491480,-2.146620,24,7.88391e+24,5.87,34,17.2,11.2,0.288,213.200,7,103.956,28.337,4.748,16.526,-111.778,56.402,A3
2003-12-10,04:38:13.52,23.0666,121.3981,17.73,6.42,184.06,28.97,88.87,5.36,61.04,90.63,-0.033499,-1.062015,1.095513,0.085073,0.070465,-0.674547,1.095513,-0.033499,-1.062015,0.070465,0.674547,-0.085073,26,1.27742e+26,6.67,29,4.1,0.0,0.623,196.700,7,94.891,16.034,-174.951,0.547,-83.048,73.956,C1
2004-05-19,07:04:12.94,22.7135,121.3698,27.08,6.03,327.15,41.49,15.99,225.03,79.48,130.37,0.990950,-1.527196,0.533222,0.220701,-1.252956,0.783805,0.533222,0.990950,-1.527196,-1.252956,-0.783805,-0.220701,25,2.00805e+25,6.14,22,12.5,0.0,0.388,210.300,7,-74.957,23.618,36.216,39.558,172.534,41.202,B2
2004-10-15,04:08:50.18,24.4623,122.8516,91.03,7.10,207.91,19.59,14.04,104.65,85.33,109.04,-3.123368,1.892313,1.231055,2.135300,8.509216,2.184955,1.231055,-3.123368,1.892313,8.509216,-2.184950,-2.135300,25,9.44278e+25,6.59,94,12.9,0.0,0.200,263.300,7,177.745,37.493,-76.955,18.982,34.188,46.360,A2
2004-11-08,15:54:55.86,23.7948,122.7603,10.00,6.58,293.84,29.70,129.75,70.08,67.61,69.96,-1.886925,0.341609,1.545316,-0.059061,1.381861,-0.802830,1.545316,-1.886925,0.341609,1.381861,0.802830,0.059061,25,2.36435e+25,6.19,25,4.6,0.0,0.370,279.800,7,175.043,20.173,77.994,18.470,-51.073,62.076,B1
2004-11-11,02:16:44.5,24.3116,122.1580,27.26,6.09,297.34,35.07,135.08,66.56,66.06,63.56,-2.687676,0.507372,2.180304,-0.155762,1.525738,-1.391099,2.180304,-2.687676,0.507372,1.525738,1.391100,0.155762,24,3.22563e+24,5.61,29,9.7,0.0,0.259,252.900,7,175.774,16.968,77.963,24.007,-62.389,59.953,A1
2005-06-01,16:20:05.66,24.6366,122.0663,64.78,6.00,52.05,35.50,129.65,186.54,63.45,65.53,-0.245505,-0.782387,1.027892,0.525167,0.251434,0.784029,1.027892,-0.245505,-0.782387,0.251434,-0.784029,-0.525167,24,1.34841e+24,5.36,63,25.2,0.0,0.271,295.700,7,-65.803,15.041,-161.957,21.749,56.185,63.104,A3
2005-09-06,01:16:00.41,23.9581,122.2835,16.76,6.00,301.46,32.66,141.96,64.83,70.58,63.22,-2.923030,0.546165,2.376865,-0.403812,2.182903,-2.044721,2.376865,-2.923030,0.546165,2.182903,2.044720,0.403812,24,4.04413e+24,5.68,21,26.2,0.0,0.460,243.600,7,174.807,21.110,74.363,25.152,-60.058,56.145,B3
2006-04-01,10:02:19.54,22.8835,121.0806,7.20,6.23,176.99,72.39,9.61,84.05,80.84,162.16,0.231812,-0.393353,0.161541,1.965806,0.659564,0.276421,0.161541,0.231812,-0.393353,0.659564,-0.276421,-1.965810,25,2.11969e+25,6.15,23,4.8,0.0,0.512,173.400,7,131.481,5.821,-122.244,70.012,39.463,19.053,C1
2006-04-15,22:40:55.37,22.8555,121.3035,17.90,6.04,218.61,38.02,132.88,348.92,63.17,61.99,0.329691,-5.354550,5.024859,1.689611,-2.541462,-3.236732,5.024859,0.329691,-5.354550,-2.541462,3.236730,-1.689610,24,6.8414e+24,5.83,19,21.5,0.0,0.344,201.600,7,98.915,13.763,2.423,24.779,-144.641,61.188,B3
2006-07-28,07:40:10.43,23.9661,122.6580,27.97,6.02,285.07,34.95,118.48,71.57,59.77,71.57,-5.039068,0.400806,4.638262,0.148792,2.195254,-1.695180,4.638262,-5.039068,0.400806,2.195254,1.695180,-0.148792,24,5.59e+24,5.77,32,2.2,0.0,0.346,248.100,7,174.831,12.916,81.097,15.853,-57.731,69.331,B1
2006-08-27,17:11:16.96,24.7983,123.0656,135.26,6.00,206.31,9.25,37.70,78.98,84.36,97.35,-0.267353,0.037245,0.230108,0.271126,1.437008,-0.285787,0.230108,-0.267353,0.037245,1.437008,0.285787,-0.271126,24,1.51099e+24,5.39,123,16.7,0.0,0.310,319.700,7,162.301,38.932,-101.753,7.307,-2.925,50.123,B2
2006-10-09,11:08:24.97,20.7665,119.9251,8.00,6.05,146.61,38.25,-57.93,288.03,58.35,-112.71,2.013455,1.092609,-3.106065,1.779685,1.730591,-0.306762,-3.106065,2.013455,1.092609,1.730591,0.306762,-1.779680,24,3.7019e+24,5.65,25,9.1,0.0,0.673,333.400,7,151.603,67.860,-59.590,19.191,34.153,10.623,C1
2006-10-09,10:01:45.63,20.6953,119.8285,28.00,6.06,338.76,28.94,-102.63,173.12,61.82,-83.11,0.376850,1.918500,-2.282761,0.445692,0.020950,-1.442704,-2.282761,0.376850,1.918500,0.020950,1.442700,-0.445692,25,2.60716e+25,6.21,25,21.5,0.2,0.621,305.300,7,99.337,72.306,-10.145,6.074,-101.958,16.554,C3
2006-12-26,12:26:21.,21.6873,120.5553,44.11,6.96,168.11,44.46,-61.51,310.86,52.01,-115.09,0.719068,2.530779,-3.249847,1.609100,1.305014,-0.252347,-3.249847,0.719068,2.530779,1.305014,0.252347,-1.609100,26,3.61907e+26,6.98,40,12.0,0.0,0.548,319.600,7,159.397,70.048,-33.065,19.518,58.348,3.980,C2
2006-12-26,12:34:15.13,21.9698,120.4196,50.22,6.99,99.14,40.06,-86.91,275.11,50.01,-92.59,2.392639,-0.307766,-2.084872,0.339460,0.401382,-0.012981,-2.084872,2.392639,-0.307766,0.401382,0.012981,-0.339460,26,2.31508e+26,6.85,54,28.2,0.0,0.458,293.800,7,165.069,84.638,-83.226,1.988,6.947,4.978,B3
2007-01-25,10:59:15.54,22.6305,122.0266,25.81,6.24,243.06,68.77,168.47,337.28,79.26,21.63,3.636854,-4.896100,1.342817,3.559776,-1.375663,-1.479273,1.342817,3.636854,-4.896100,-1.375663,1.479270,-3.559780,24,6.02109e+24,5.79,18,21.3,0.4,0.559,230.800,7,108.773,7.141,2.455,65.969,-158.206,22.818,C3
2007-09-06,17:51:26.92,24.2780,122.2541,54.01,6.63,190.11,31.80,77.45,24.79,59.04,97.67,-0.484140,-2.284766,2.768905,0.589564,0.823363,-1.149832,2.768905,-0.484140,-2.284766,0.823363,1.149830,-0.589564,25,2.98468e+25,6.25,59,23.0,0.0,0.240,257.800,7,109.210,13.725,-159.177,6.575,-44.211,74.726,A3
2009-07-13,18:05:02.59,24.0228,122.2193,18.08,6.00,309.60,32.90,145.02,70.04,71.86,62.07,-1.858295,0.615275,1.243020,-0.396177,1.510805,-0.855995,1.243020,-1.858295,0.615275,1.510805,0.855995,0.396177,25,2.42088e+25,6.19,21,8.8,0.0,0.429,225.700,7,-179.051,21.932,79.406,26.427,-54.715,54.478,B1
2009-10-03,17:36:06.28,23.6475,121.5790,29.15,6.09,247.59,43.06,141.50,7.75,64.85,53.82,-1.539122,-4.369269,5.113984,5.259169,-1.450664,-4.680317,5.113984,-1.539122,-4.369269,-1.450664,4.680320,-5.259170,24,8.68762e+24,5.90,29,3.8,-2.9,0.174,207.600,7,123.064,12.480,25.021,32.299,-128.648,54.804,A1
2009-11-05,09:32:57.66,23.7890,120.7186,24.08,6.15,346.22,55.35,42.61,228.61,56.16,136.80,0.495404,-1.807677,1.312273,0.800923,-0.982781,-0.282399,1.312273,0.495404,-1.807677,-0.982781,0.282399,-0.800923,24,2.07477e+24,5.48,19,3.0,0.0,0.262,127.000,7,-72.419,0.471,17.940,37.261,-163.038,52.735,A1
2009-12-19,13:02:16.34,23.7880,121.6633,43.78,6.92,265.33,20.09,177.32,357.84,89.08,69.93,-0.507050,0.101539,0.405511,1.777622,-0.584578,-4.786447,0.405511,-0.507050,0.101539,-0.584578,4.786450,-1.777620,25,5.1602e+25,6.41,37,28.2,0.0,0.399,236.800,7,106.528,40.747,-1.817,20.067,-111.365,42.488,B3
2010-03-04,00:18:52.14,22.9691,120.7066,22.64,6.42,21.75,18.07,123.91,166.49,75.08,79.68,0.217854,-1.262994,1.431513,0.126019,0.651228,2.137672,1.431513,0.217854,-1.262994,0.651228,-2.137670,-0.126019,25,2.61831e+25,6.22,29,3.9,4.7,0.339,282.500,7,-95.161,29.354,169.169,9.965,62.388,58.678,B1
2010-11-21,12:31:45.64,23.8525,121.6856,46.87,6.14,259.17,19.49,160.66,7.47,83.66,71.53,-0.466000,-0.202780,0.668779,0.837162,0.105409,-2.531999,0.668779,-0.466000,-0.202780,0.105409,2.532000,-0.837162,24,2.73418e+24,5.56,46,20.2,0.0,0.234,209.200,7,113.560,36.048,9.591,18.350,-102.132,48.135,A3
2011-10-30,03:23:43.75,25.3133,123.1560,215.77,6.27,213.98,46.08,38.98,94.68,63.06,128.92,-2.091282,0.143581,1.947700,1.475738,1.389211,1.173593,1.947700,-2.091282,0.143581,1.389211,-1.173590,-1.475740,24,3.09497e+24,5.60,204,16.9,0.0,0.282,326.400,7,157.884,9.793,-105.417,34.052,54.047,54.182,A2
2012-02-26,02:35:00.43,22.7523,120.7546,26.31,6.35,324.70,25.00,56.51,180.82,69.36,104.43,-0.359749,-4.828704,5.188453,-1.703479,-0.922416,5.696351,5.188453,-0.359749,-4.828704,-0.922416,-5.696350,1.703480,24,7.8348e+24,5.87,21,11.2,0.0,0.320,286.200,7,-100.210,23.056,-4.351,13.485,113.572,62.883,B2
2012-06-09,21:00:18.19,24.4590,122.3068,69.88,6.62,49.60,45.65,134.37,175.14,59.26,54.42,0.317665,-3.777777,3.460112,2.052014,1.661722,1.763873,3.460112,0.317665,-3.777777,1.661722,-1.763870,-2.052010,24,4.82242e+24,5.73,58,4.9,0.0,0.488,241.400,7,-70.327,7.634,-164.766,30.003,32.481,58.842,B1
2012-12-08,14:26:54.61,25.6696,122.4456,312.01,6.23,178.66,10.78,-101.59,10.45,79.44,-87.81,0.844232,2.551030,-0.984121,-0.129455,-0.863903,4.479689,-0.984121,0.844232,2.551030,-0.863903,-4.479690,0.129455,23,4.99251e+23,5.07,302,2.1,14.2,0.232,330.700,7,-76.812,55.506,-169.949,2.154,98.575,34.407,A2
2013-03-27,02:03:19.63,23.9021,121.0526,19.43,6.24,348.37,18.84,67.87,191.63,72.59,97.32,-0.769026,-5.565498,6.334523,-0.261046,-2.263617,8.076244,6.334523,-0.769026,-5.565498,-2.263617,-8.076240,0.261046,24,1.03084e+25,5.95,24,20.2,0.0,0.323,111.900,7,-84.197,27.239,9.421,6.987,112.596,61.732,B3
2013-04-10,20:20:24.35,20.6495,122.2228,22.10,6.05,10.53,43.42,67.51,220.22,50.57,109.91,-1.086480,-7.462587,8.549066,3.911211,-2.588299,0.015768,8.549066,-1.086480,-7.462587,-2.588299,-0.015768,-3.911210,24,9.32608e+24,5.92,10,2.9,0.0,0.461,329.100,7,-63.743,3.700,27.267,15.244,-167.038,74.292,B1
2013-05-21,08:25:55.97,23.3325,123.6883,53.07,6.06,63.05,41.72,-114.28,274.20,52.66,-69.87,2.990558,-0.511273,-2.479285,-0.696311,0.655326,0.480142,-2.479285,2.990558,-0.511273,0.655326,-0.480142,0.696311,24,2.96996e+24,5.59,65,29.9,0.0,0.486,300.200,7,-119.024,73.085,81.658,15.881,-9.961,5.672,B3
2013-06-02,05:43:03.21,23.8615,120.9741,14.54,6.48,359.17,26.60,84.44,185.38,63.53,92.78,0.086537,-2.265282,2.178745,0.097772,-0.211683,1.664514,2.178745,0.086537,-2.265282,-0.211683,-1.664510,-0.097772,25,2.7871e+25,6.23,14,6.0,0.0,0.384,140.100,7,-86.687,18.490,4.145,2.486,101.529,71.332,B1
2013-06-07,16:38:02.39,23.9831,122.6470,35.32,6.21,293.04,35.97,125.83,71.31,61.56,66.98,-2.967333,0.441806,2.524345,-0.125241,1.369325,-1.098574,2.524345,-2.967333,0.441806,1.369325,1.098570,0.125241,24,3.28388e+24,5.61,31,1.3,0.0,0.340,257.100,7,177.832,13.624,82.740,20.110,-60.256,65.369,B1
2013-09-06,11:33:51.23,20.0461,122.2831,206.17,6.76,192.59,51.70,-145.19,79.28,63.38,-43.88,6.023946,5.288919,-3.215159,-7.710049,-4.487025,-1.952496,-3.215159,6.023946,5.288919,-4.487025,1.952500,7.710050,24,1.09859e+25,5.96,194,17.0,19.8,0.353,330.000,7,40.285,49.028,-125.696,40.116,138.386,6.977,B4
2013-10-31,12:02:09.54,23.5661,121.3485,14.98,6.42,60.15,38.50,111.47,213.47,54.60,73.77,-0.919704,-0.815927,1.735631,1.236088,-0.148708,0.657398,1.735631,-0.919704,-0.815927,-0.148708,-0.657398,-1.236090,25,2.06015e+25,6.15,24,25.8,0.0,0.411,181.000,7,-45.011,8.265,-136.959,13.170,76.271,74.371,B3
2014-12-10,21:03:39.07,25.4491,122.6070,268.62,6.70,261.77,20.24,-95.06,87.16,69.84,-88.14,0.792260,0.169671,-0.961931,-0.069869,-1.036828,0.028630,-0.961931,0.792260,0.169671,-1.036828,-0.028630,0.069869,25,1.36806e+25,6.03,258,22.8,0.0,0.343,270.200,7,0.291,65.110,-93.481,1.749,175.710,24.820,B3
2015-02-13,20:06:31.83,22.6581,121.3966,27.78,6.28,221.31,50.33,133.93,344.84,56.34,50.08,0.434499,-1.975470,1.412186,0.589006,-0.839689,-0.391629,1.412186,0.434499,-1.975470,-0.839689,0.391629,-0.589006,25,2.0611e+25,6.15,22,3.9,-2.0,0.312,215.500,7,101.874,3.406,9.720,32.278,-162.766,57.499,B1
2015-03-23,10:13:51.62,23.7256,121.6706,38.40,6.19,8.78,37.52,64.19,220.15,56.75,108.49,-0.205913,-1.531425,1.736753,0.758570,-0.754129,0.350456,1.736753,-0.205913,-1.531425,-0.754129,-0.350456,-0.758570,24,1.99222e+24,5.47,34,1.1,0.0,0.274,196.400,7,-63.005,9.970,29.766,15.377,175.224,71.537,A1
2015-04-20,11:45:13.76,24.0353,122.5065,33.87,6.15,285.89,24.81,114.49,79.25,67.55,79.15,-4.756433,0.346413,5.891747,-0.338059,4.993612,-1.619168,5.891747,-4.756433,0.346413,4.993612,1.619170,0.338059,24,7.51001e+24,5.85,23,12.3,6.0,0.339,233.500,7,177.483,21.828,83.426,10.017,-29.676,65.764,B2
2015-04-20,01:42:56.1,24.0223,122.4410,30.57,6.38,288.50,32.59,103.20,92.95,58.37,81.69,-3.744951,0.243474,3.501476,-0.753484,1.848139,-0.159979,3.501476,-3.744951,0.243474,1.848139,0.159979,0.753484,25,4.14501e+25,6.35,35,14.9,0.0,0.473,229.400,7,-171.039,13.001,97.321,7.065,-20.533,75.144,B2
2016-02-02,14:19:21.67,25.4235,123.5358,203.74,6.65,227.06,37.34,-69.24,21.56,55.45,-105.13,2.483557,4.445591,-3.881532,-2.510781,0.065513,2.034140,-3.881532,2.483557,4.445591,0.065513,-2.034140,2.510780,24,5.56281e+24,5.77,215,0.7,15.8,0.160,337.200,7,-111.824,74.414,30.288,12.415,122.348,9.273,A2
2016-02-05,19:57:26.08,22.9220,120.5438,14.64,6.60,269.71,33.86,14.97,167.19,81.72,122.95,-0.860715,-0.244048,1.104763,-2.796516,0.930994,3.710622,1.104763,-0.860715,-0.244048,0.930994,-3.710620,2.796520,25,4.84421e+25,6.39,27,26.5,0.0,0.422,142.600,7,-128.907,29.040,-18.138,32.565,109.240,43.547,B3
2016-05-12,03:17:15.05,24.6918,121.9803,8.86,6.10,271.47,45.10,-40.62,32.66,62.54,-127.30,3.462254,-0.090993,-3.371261,-2.524643,0.065996,2.917450,-3.371261,3.462254,-0.090993,0.065996,-2.917450,2.524640,24,5.15462e+24,5.75,3,11.3,0.0,0.443,227.700,7,-106.677,55.610,52.017,32.525,148.449,9.965,B2
2016-05-31,05:23:46.39,25.4920,122.6826,256.89,6.91,349.84,33.25,-74.82,151.87,58.05,-99.74,0.493216,2.060508,-2.553723,0.571512,-0.835245,-0.880520,-2.553723,0.493216,2.060508,-0.835245,0.880520,-0.571512,25,2.70274e+25,6.23,253,26.6,0.0,0.443,296.600,7,34.506,74.910,157.056,8.255,-111.094,12.543,B3
2016-06-23,21:05:30.68,23.5320,123.4198,47.02,6.07,87.67,35.03,-101.32,281.40,55.75,-82.17,1.436974,-0.181101,-1.255873,0.140360,0.499254,0.184230,-1.255873,1.436974,-0.181101,0.499254,-0.184230,-0.140360,25,1.46299e+25,6.05,45,23.0,0.0,0.433,326.000,7,-141.718,77.688,96.979,6.469,5.783,10.430,B3
2016-10-06,15:52:00.51,22.6270,121.3438,23.70,6.15,223.79,53.68,136.33,343.27,56.20,45.46,1.345667,-5.006340,3.660673,1.631540,-2.724862,-0.866140,3.660673,1.345667,-5.006340,-2.724862,0.866140,-1.631540,24,5.56546e+24,5.77,32,10.7,0.0,0.228,211.000,7,103.017,1.456,11.972,35.648,-164.954,54.313,A2
2017-04-30,01:57:22.6,21.4075,121.6530,122.28,6.07,290.60,31.20,168.91,30.12,84.28,59.28,-4.535905,2.947258,1.578787,3.637892,4.182966,-7.114606,1.578787,-4.535905,2.947258,4.182966,7.114610,-3.637890,23,9.86031e+23,5.27,110,16.3,0.0,0.203,350.300,7,145.420,32.302,33.507,30.554,-89.210,42.477,A2
2018-02-06,15:50:41.62,24.1006,121.7296,6.31,6.26,114.55,71.42,161.49,210.64,72.49,19.52,-4.059422,3.577126,0.482296,2.647153,0.692012,2.410790,0.482296,-4.059422,3.577126,0.692012,-2.410790,-2.647150,25,5.2964e+25,6.42,25,26.3,0.0,0.598,268.100,7,-17.562,0.717,-109.033,64.007,72.788,25.982,C3
2018-10-23,04:34:58.22,24.0025,122.6240,31.19,6.11,296.33,37.66,125.50,74.31,60.17,65.86,-5.493745,0.618080,4.875664,-0.612592,2.371164,-2.057546,4.875664,-5.493745,0.618080,2.371164,2.057550,0.612592,24,6.11546e+24,5.79,34,6.4,0.0,0.339,296.700,7,-178.492,12.009,86.878,20.781,-60.366,65.713,B1
2018-11-25,23:57:23.4,23.3840,118.5236,12.31,6.21,350.12,49.37,-18.65,92.51,75.96,-137.84,1.557866,0.232907,-1.790774,3.881827,-2.950995,0.364961,-1.790774,1.557866,0.232907,-2.950995,-0.364961,-3.881830,24,5.17244e+24,5.75,11,21.9,0.0,0.413,337.800,7,-40.046,39.202,107.518,45.978,-144.291,16.788,B3
2019-04-18,05:01:07.11,24.0543,121.5591,20.33,6.32,55.06,30.04,105.37,217.44,61.14,81.29,-0.610695,-0.506442,2.070886,0.760029,-0.503553,0.951334,2.070886,-0.610695,-0.506442,-0.503553,-0.951334,-0.760029,25,2.04823e+25,6.14,19,15.5,13.2,0.293,290.700,7,-46.167,15.712,-138.325,7.625,106.635,72.448,A3
